4 288 5760 1152
0 18 16 10
0 24 23 16
0 41 4 9
0 71 21 19
0 75 10 4
0 78 6 11
0 84 15 23
0 92 17 22
0 99 14 8
0 107 7 5
0 118 12 14
0 121 19 10
0 136 5 11
0 137 13 14
0 141 20 9
0 146 11 4
0 174 22 17
0 182 18 22
0 203 9 17
0 224 8 15
1 5 22 15
1 7 21 18
1 8 8 5
1 16 6 7
1 40 20 10
1 41 4 13
1 43 19 23
1 62 12 6
1 72 16 8
1 76 10 20
1 96 18 10
1 99 17 22
1 125 11 20
1 143 14 7
1 145 9 15
1 156 15 23
1 162 23 15
1 163 13 19
1 173 5 11
1 265 7 5
2 4 23 14
2 9 11 4
2 26 13 6
2 28 16 12
2 60 9 6
2 115 17 8
2 129 19 7
2 139 14 10
2 174 18 23
2 177 8 15
2 190 22 18
2 193 21 20
2 197 5 9
2 199 12 15
2 213 7 16
2 242 4 7
2 248 10 15
2 249 20 22
2 263 6 13
2 273 15 23
3 14 6 9
3 28 10 4
3 32 5 7
3 45 21 14
3 48 14 21
3 49 18 12
3 57 19 22
3 64 16 12
3 83 13 20
3 90 4 11
3 94 11 16
3 156 23 14
3 183 15 12
3 211 20 10
3 221 12 15
3 228 22 19
3 249 8 5
3 251 7 20
3 266 17 23
3 273 9 5
4 2 14 23
4 7 12 14
4 34 20 12
4 44 7 16
4 58 11 19
4 92 22 16
4 110 4 12
4 114 15 10
4 120 5 10
4 148 19 23
4 158 17 23
4 180 18 12
4 218 21 16
4 228 9 4
4 237 13 6
4 240 16 13
4 254 23 16
4 268 10 4
4 278 6 11
4 282 8 17
5 1 15 22
5 19 16 22
5 33 21 16
5 38 19 11
5 51 20 12
5 71 14 22
5 102 5 11
5 104 6 10
5 126 22 15
5 154 23 18
5 192 13 20
5 194 4 8
5 220 7 5
5 223 12 6
5 224 9 17
5 228 11 5
5 240 10 15
5 256 17 10
5 268 18 11
5 285 8 20
6 8 6 10
6 9 8 5
6 12 14 21
6 40 10 6
6 41 12 17
6 57 20 23
6 62 13 15
6 74 9 14
6 77 11 15
6 78 17 22
6 106 19 12
6 110 18 7
6 111 5 8
6 112 15 11
6 149 4 9
6 198 7 4
6 239 16 13
6 247 23 18
6 248 22 14
6 260 21 17
7 1 18 21
7 4 14 12
7 37 7 15
7 41 8 15
7 47 20 10
7 73 23 15
7 92 16 10
7 99 5 7
7 108 15 12
7 109 17 22
7 132 6 10
7 159 13 15
7 161 22 20
7 162 11 18
7 184 21 20
7 200 4 8
7 231 9 4
7 242 12 6
7 245 10 4
7 261 19 21
8 1 5 8
8 6 10 6
8 42 18 21
8 56 8 17
8 91 11 5
8 104 6 13
8 131 15 23
8 134 17 12
8 166 7 4
8 173 20 10
8 187 9 20
8 198 23 15
8 200 22 17
8 203 21 18
8 206 14 22
8 209 13 14
8 216 12 14
8 228 19 10
8 236 16 11
8 275 4 13
9 2 4 11
9 6 5 8
9 73 15 9
9 88 14 12
9 89 8 6
9 115 13 6
9 118 7 5
9 132 17 11
9 154 20 21
9 162 16 21
9 163 12 16
9 166 11 14
9 175 18 10
9 207 10 15
9 208 9 16
9 223 19 22
9 236 22 14
9 255 21 18
9 256 23 19
9 283 6 10
10 37 7 20
10 46 4 13
10 65 17 23
10 75 6 13
10 92 22 17
10 103 18 10
10 106 16 21
10 140 19 7
10 151 5 11
10 158 15 22
10 178 23 16
10 187 14 12
10 194 11 15
10 204 20 8
10 207 21 17
10 245 12 19
10 253 10 19
10 279 9 5
10 282 13 5
10 284 8 5
11 19 17 7
11 25 21 20
11 26 11 15
11 46 18 11
11 78 9 18
11 80 6 10
11 108 20 23
11 110 15 11
11 130 10 18
11 134 22 19
11 136 14 8
11 149 16 23
11 167 7 6
11 177 23 17
11 184 12 15
11 199 5 8
11 200 4 11
11 238 13 4
11 251 8 5
11 281 19 21
12 6 21 14
12 31 10 17
12 73 11 18
12 74 13 16
12 80 20 22
12 87 22 16
12 108 23 14
12 125 6 10
12 154 17 12
12 159 19 21
12 179 5 11
12 190 7 5
12 201 18 7
12 227 15 10
12 243 14 13
12 249 16 21
12 259 4 11
12 260 8 6
12 262 12 5
12 265 9 15
13 19 8 6
13 30 11 15
13 39 19 22
13 43 20 12
13 72 14 21
13 85 16 8
13 109 4 9
13 129 13 6
13 156 17 12
13 178 10 6
13 193 15 13
13 195 18 23
13 198 9 17
13 199 12 18
13 219 7 18
13 260 6 13
13 262 5 12
13 284 23 18
13 286 22 20
13 287 21 20
14 3 9 6
14 21 12 20
14 55 14 22
14 56 21 19
14 70 11 18
14 73 13 19
14 82 20 23
14 89 6 11
14 107 18 8
14 110 8 6
14 122 10 5
14 153 4 9
14 155 5 7
14 163 17 21
14 164 16 7
14 169 7 16
14 190 15 9
14 196 19 7
14 273 23 16
14 277 22 19
15 16 22 18
15 26 4 11
15 77 17 10
15 85 11 18
15 93 6 7
15 95 13 20
15 96 15 13
15 98 18 23
15 110 20 23
15 138 23 15
15 157 21 20
15 159 19 23
15 173 16 7
15 204 14 12
15 215 7 5
15 217 10 16
15 218 5 13
15 219 12 15
15 244 9 5
15 283 8 4
16 1 7 6
16 15 18 22
16 32 17 8
16 47 13 4
16 48 12 18
16 58 19 13
16 68 5 8
16 93 8 5
16 94 15 23
16 105 4 10
16 127 6 9
16 164 14 12
16 171 10 15
16 179 20 9
16 208 16 23
16 268 9 18
16 269 21 17
16 275 22 15
16 279 11 15
16 285 23 16
17 37 9 18
17 48 20 13
17 56 13 5
17 57 5 8
17 92 15 23
17 119 21 16
17 133 4 10
17 135 18 22
17 139 8 16
17 143 22 18
17 147 10 20
17 187 17 21
17 220 23 19
17 232 7 5
17 250 12 6
17 264 6 8
17 265 14 8
17 270 19 7
17 271 11 19
17 282 16 7
18 0 10 16
18 52 12 18
18 98 13 5
18 154 5 11
18 165 7 15
18 181 8 4
18 182 23 18
18 189 21 15
18 191 4 10
18 208 18 9
18 212 9 5
18 213 19 21
18 219 22 20
18 233 17 10
18 238 11 20
18 246 6 8
18 249 15 23
18 255 16 11
18 269 20 22
18 275 14 10
19 5 22 16
19 11 7 17
19 13 6 8
19 53 21 15
19 56 19 10
19 62 13 5
19 64 5 8
19 103 4 7
19 113 15 22
19 142 12 15
19 157 11 14
19 177 10 4
19 194 9 6
19 217 8 18
19 218 23 20
19 239 16 21
19 240 20 12
19 241 18 9
19 256 17 11
19 272 14 21
20 32 11 14
20 36 4 9
20 45 15 12
20 59 10 16
20 80 22 15
20 86 17 23
20 118 12 6
20 133 23 19
20 150 20 9
20 152 8 4
20 163 9 14
20 180 13 19
20 181 21 18
20 191 19 9
20 204 14 7
20 207 18 22
20 229 16 23
20 251 6 9
20 254 7 4
20 269 5 9
21 14 20 12
21 31 23 18
21 40 22 18
21 48 4 8
21 83 21 14
21 95 14 23
21 96 13 19
21 107 17 23
21 108 10 4
21 109 5 12
21 110 12 19
21 149 15 7
21 157 18 10
21 161 8 19
21 225 11 4
21 234 16 11
21 236 9 15
21 239 7 4
21 248 19 21
21 279 6 13
22 49 14 11
22 66 15 12
22 68 16 7
22 86 20 22
22 87 4 13
22 90 23 18
22 94 21 20
22 97 12 6
22 139 13 6
22 158 19 21
22 184 9 16
22 189 18 10
22 200 7 4
22 202 17 22
22 234 22 17
22 236 5 12
22 239 6 7
22 251 11 17
22 265 8 17
22 279 10 18
23 34 10 16
23 47 6 9
23 54 5 7
23 58 13 4
23 76 14 11
23 83 9 19
23 88 4 8
23 96 17 22
23 122 21 14
23 145 15 22
23 146 8 16
23 205 16 13
23 219 18 8
23 225 11 20
23 235 19 23
23 236 20 13
23 262 12 6
23 268 22 19
23 271 7 5
23 274 23 17
24 0 16 23
24 32 19 23
24 56 14 12
24 69 10 20
24 83 8 16
24 91 7 16
24 116 22 14
24 151 6 10
24 160 15 13
24 171 18 10
24 181 17 13
24 183 4 13
24 188 12 17
24 197 5 10
24 207 9 4
24 236 11 6
24 260 20 22
24 264 13 4
24 265 21 18
24 281 23 17
25 11 20 21
25 28 8 20
25 38 21 16
25 85 13 4
25 89 12 4
25 93 22 15
25 133 18 9
25 134 10 14
25 138 7 16
25 141 6 11
25 159 9 4
25 161 15 22
25 175 4 7
25 185 23 19
25 188 19 22
25 227 14 11
25 241 16 11
25 245 11 20
25 254 17 10
25 275 5 9
26 2 6 13
26 11 15 11
26 15 11 4
26 31 4 7
26 64 12 4
26 74 10 5
26 79 20 11
26 88 22 17
26 89 14 13
26 90 16 8
26 110 19 21
26 151 17 21
26 164 8 17
26 170 21 20
26 176 13 15
26 180 18 21
26 192 7 18
26 206 23 19
26 276 5 8
26 285 9 14
27 46 11 16
27 49 13 5
27 53 21 19
27 57 15 21
27 90 4 7
27 94 8 5
27 102 14 13
27 111 17 21
27 135 16 9
27 140 12 6
27 144 19 13
27 163 9 17
27 174 6 13
27 188 22 16
27 212 23 19
27 217 5 10
27 232 18 8
27 237 10 15
27 239 20 23
27 246 7 20
28 2 12 16
28 3 4 10
28 25 20 8
28 69 13 14
28 70 21 14
28 85 5 11
28 86 8 20
28 89 22 20
28 100 16 10
28 108 9 5
28 132 14 22
28 166 18 23
28 185 17 11
28 198 19 7
28 210 23 17
28 220 6 9
28 243 7 6
28 251 11 4
28 254 10 14
28 260 15 23
29 30 18 21
29 33 13 6
29 44 21 14
29 69 17 21
29 70 12 6
29 77 9 4
29 89 16 12
29 97 5 13
29 118 7 18
29 135 23 15
29 160 8 19
29 165 10 17
29 180 11 20
29 196 22 20
29 210 6 12
29 212 19 7
29 237 20 13
29 248 15 22
29 270 14 13
29 284 4 11
30 13 15 11
30 29 21 18
30 66 23 14
30 72 8 5
30 75 22 17
30 110 4 10
30 122 14 22
30 132 18 12
30 154 5 8
30 157 19 7
30 197 9 20
30 213 17 11
30 246 7 19
30 250 16 23
30 257 10 20
30 268 20 23
30 274 6 8
30 285 11 15
30 286 13 4
30 287 12 6
31 12 17 10
31 21 18 23
31 26 7 4
31 101 9 16
31 120 4 12
31 134 12 16
31 150 21 19
31 165 10 5
31 166 6 9
31 175 15 8
31 181 5 11
31 188 13 4
31 214 16 11
31 224 8 20
31 228 11 16
31 229 14 9
31 245 22 18
31 250 23 16
31 264 19 22
31 284 20 22
32 3 7 5
32 16 8 17
32 20 14 11
32 24 23 19
32 44 19 13
32 65 12 6
32 70 17 12
32 102 15 8
32 105 6 9
32 108 13 18
32 114 11 4
32 115 4 9
32 144 5 8
32 177 10 14
32 200 16 22
32 204 20 22
32 226 9 17
32 246 18 23
32 272 21 18
32 279 22 20
33 5 16 21
33 29 6 13
33 65 21 14
33 74 17 23
33 84 23 19
33 95 5 9
33 103 19 8
33 110 13 14
33 140 15 9
33 144 8 6
33 148 4 11
33 169 7 14
33 174 11 20
33 175 22 17
33 212 18 21
33 213 9 6
33 229 14 12
33 236 20 9
33 257 12 6
33 280 10 20
34 4 12 20
34 23 16 10
34 45 17 23
34 56 5 11
34 75 9 6
34 81 6 8
34 93 7 20
34 99 18 23
34 106 15 11
34 116 14 10
34 134 23 20
34 142 20 10
34 150 8 4
34 156 19 21
34 176 10 14
34 186 13 15
34 193 11 5
34 194 4 10
34 195 21 19
34 211 22 15
35 43 13 4
35 45 11 16
35 47 12 5
35 69 17 8
35 75 10 15
35 84 14 22
35 122 19 21
35 132 6 9
35 134 4 10
35 169 5 13
35 174 20 11
35 178 9 17
35 228 23 17
35 229 7 14
35 232 8 6
35 246 15 12
35 252 16 7
35 284 18 23
35 285 22 17
35 286 21 17
36 20 9 4
36 60 22 17
36 63 18 8
36 64 13 18
36 67 23 19
36 86 20 21
36 88 4 13
36 97 17 21
36 108 11 20
36 110 10 4
36 136 12 16
36 177 6 9
36 181 15 22
36 209 5 11
36 211 21 17
36 234 19 8
36 253 14 9
36 267 7 4
36 273 16 13
36 278 8 19
37 7 15 7
37 10 20 7
37 17 18 9
37 94 17 9
37 103 10 6
37 121 6 9
37 123 16 21
37 145 14 21
37 154 22 14
37 178 9 15
37 199 13 20
37 203 12 14
37 225 8 14
37 227 5 13
37 229 21 16
37 233 7 4
37 259 4 12
37 266 23 14
37 268 11 6
37 277 19 23
38 5 11 19
38 25 16 21
38 42 4 13
38 72 17 22
38 95 22 15
38 110 7 15
38 122 15 11
38 141 5 13
38 146 19 12
38 193 21 14
38 204 9 14
38 222 23 20
38 224 13 5
38 231 8 15
38 236 14 10
38 240 18 8
38 242 20 21
38 261 6 10
38 270 12 6
38 272 10 5
39 13 22 19
39 41 12 14
39 65 15 10
39 75 6 7
39 78 9 5
39 83 21 18
39 96 14 21
39 105 4 13
39 106 18 22
39 122 23 17
39 138 10 20
39 197 17 21
39 209 11 18
39 210 16 8
39 217 13 6
39 220 5 12
39 249 19 9
39 252 20 9
39 271 8 16
39 279 7 6
40 1 10 20
40 6 6 10
40 21 18 22
40 43 7 5
40 46 23 15
40 62 15 12
40 70 8 15
40 78 20 10
40 100 9 17
40 145 11 6
40 158 16 10
40 167 14 11
40 177 4 12
40 202 13 14
40 231 12 6
40 241 5 10
40 260 19 21
40 262 22 16
40 271 21 17
40 277 17 22
41 0 9 4
41 1 13 4
41 6 17 12
41 7 15 8
41 39 14 12
41 44 10 20
41 77 19 21
41 83 16 23
41 91 20 13
41 107 4 12
41 112 11 14
41 122 18 23
41 137 12 4
41 158 5 12
41 161 6 13
41 194 22 20
41 204 21 17
41 244 23 17
41 254 7 20
41 272 8 16
42 8 21 18
42 38 13 4
42 45 20 8
42 57 17 10
42 63 6 12
42 82 8 16
42 106 9 5
42 134 18 22
42 144 14 22
42 147 16 21
42 150 4 7
42 151 5 13
42 161 11 4
42 197 22 18
42 200 12 16
42 203 7 15
42 218 10 14
42 229 23 17
42 275 15 7
42 279 19 9
43 1 23 19
43 13 12 20
43 35 4 13
43 40 5 7
43 63 21 14
43 82 16 22
43 89 22 14
43 101 14 21
43 102 10 16
43 127 18 12
43 134 8 5
43 158 9 19
43 160 19 12
43 162 20 7
43 164 17 10
43 178 15 21
43 199 11 14
43 226 7 6
43 255 13 4
43 278 6 13
44 4 16 7
44 29 14 21
44 32 13 19
44 41 20 10
44 141 18 10
44 143 7 16
44 161 19 7
44 179 23 16
44 190 5 11
44 197 12 17
44 209 9 4
44 216 6 12
44 233 15 23
44 240 11 4
44 242 10 5
44 251 22 14
44 258 21 15
44 273 17 22
44 281 4 9
44 285 8 18
45 3 14 21
45 20 12 15
45 34 23 17
45 35 16 11
45 42 8 20
45 48 4 11
45 52 22 19
45 53 11 6
45 69 9 19
45 72 13 18
45 78 20 9
45 79 17 8
45 82 6 10
45 91 21 14
45 93 18 12
45 103 5 9
45 161 7 5
45 164 10 4
45 179 19 21
45 266 15 22
46 10 13 4
46 11 11 18
46 27 16 11
46 40 15 23
46 64 10 17
46 69 20 12
46 77 19 8
46 86 4 13
46 93 5 10
46 98 9 17
46 111 12 6
46 129 7 5
46 150 18 8
46 152 6 13
46 192 21 19
46 210 17 22
46 214 14 22
46 223 22 20
46 235 23 20
46 268 8 14
47 7 10 20
47 16 4 13
47 23 9 6
47 35 5 12
47 53 16 12
47 60 14 10
47 100 7 16
47 119 20 8
47 124 19 9
47 148 8 6
47 166 13 17
47 167 23 17
47 174 12 4
47 190 6 8
47 196 18 23
47 198 21 19
47 231 22 17
47 236 15 21
47 271 11 15
47 279 17 21
48 3 21 14
48 16 18 12
48 17 13 20
48 21 8 4
48 45 11 4
48 54 20 22
48 61 12 19
48 64 23 20
48 87 22 18
48 89 9 15
48 91 10 17
48 125 4 7
48 136 15 10
48 173 17 23
48 177 16 21
48 182 14 9
48 188 7 6
48 195 6 12
48 219 19 10
48 276 5 10
49 3 12 18
49 22 11 14
49 27 5 13
49 58 4 7
49 72 23 20
49 77 22 14
49 84 17 11
49 97 16 23
49 99 8 4
49 100 19 21
49 106 15 23
49 125 9 14
49 142 10 5
49 150 7 6
49 185 21 15
49 231 14 7
49 246 18 13
49 250 20 11
49 268 6 10
49 279 13 19
50 57 12 4
50 71 14 23
50 72 13 4
50 79 18 21
50 81 11 6
50 106 9 14
50 130 16 12
50 135 4 8
50 173 17 22
50 177 10 16
50 182 19 12
50 190 7 20
50 194 15 11
50 213 8 18
50 216 20 10
50 223 6 13
50 231 23 19
50 243 5 8
50 268 22 15
50 283 21 16
51 5 12 20
51 52 18 11
51 61 15 7
51 65 9 5
51 69 13 6
51 83 16 13
51 94 6 11
51 118 4 11
51 130 7 20
51 139 14 7
51 147 19 23
51 148 5 9
51 180 21 15
51 204 8 16
51 206 17 23
51 208 23 20
51 210 22 19
51 218 11 5
51 226 20 23
51 283 10 15
52 18 18 12
52 45 19 22
52 51 11 18
52 57 6 13
52 59 14 23
52 60 15 22
52 68 9 6
52 78 22 14
52 122 10 19
52 124 23 14
52 137 21 18
52 151 7 17
52 155 4 9
52 158 13 4
52 187 5 8
52 190 8 15
52 192 12 5
52 197 20 13
52 258 16 12
52 263 17 9
53 19 15 21
53 27 19 21
53 45 6 11
53 47 12 16
53 65 10 4
53 68 11 18
53 98 14 9
53 104 13 5
53 106 22 18
53 112 9 19
53 169 4 8
53 178 17 12
53 182 18 23
53 210 5 13
53 213 20 13
53 219 23 17
53 228 7 6
53 234 16 9
53 258 21 19
53 275 8 18
54 23 7 5
54 48 22 20
54 63 8 15
54 71 13 15
54 79 4 13
54 82 21 18
54 89 14 8
54 120 23 15
54 142 6 8
54 166 10 6
54 195 11 20
54 199 5 13
54 200 12 6
54 235 9 15
54 250 17 8
54 267 15 22
54 271 19 22
54 276 20 13
54 278 16 8
54 282 18 21
55 14 22 14
55 66 7 18
55 75 4 8
55 78 6 13
55 91 9 19
55 109 8 18
55 122 14 13
55 128 10 5
55 129 13 4
55 145 17 23
55 151 15 23
55 183 16 21
55 192 5 7
55 203 23 16
55 214 21 16
55 221 12 6
55 247 18 12
55 252 20 10
55 271 11 14
55 277 19 11
56 8 17 8
56 14 19 21
56 17 5 13
56 19 10 19
56 24 12 14
56 34 11 5
56 96 9 20
56 110 15 22
56 125 6 8
56 143 18 11
56 152 22 19
56 201 16 23
56 215 23 15
56 222 21 18
56 228 20 13
56 232 14 12
56 238 8 6
56 239 4 8
56 261 13 6
56 283 7 18
57 3 22 19
57 6 23 20
57 17 8 5
57 27 21 15
57 42 10 17
57 50 4 12
57 52 13 6
57 80 11 16
57 83 19 8
57 86 17 10
57 105 16 21
57 146 12 5
57 153 14 7
57 157 9 19
57 179 15 23
57 184 20 8
57 241 5 7
57 257 7 19
57 263 6 8
57 278 18 21
58 4 19 11
58 16 13 19
58 23 4 13
58 49 7 4
58 73 18 23
58 123 9 4
58 128 16 13
58 129 20 10
58 139 12 4
58 157 15 21
58 160 23 17
58 171 6 13
58 189 17 23
58 207 5 8
58 234 14 7
58 250 22 18
58 251 10 15
58 259 21 18
58 265 8 19
58 274 11 20
59 20 16 10
59 52 23 14
59 78 4 12
59 91 19 11
59 117 20 22
59 119 8 6
59 122 18 12
59 123 9 19
59 125 17 22
59 136 22 14
59 144 12 18
59 147 10 15
59 169 11 4
59 172 21 18
59 178 7 5
59 201 15 8
59 210 13 15
59 263 6 7
59 264 14 21
59 283 5 13
60 2 6 9
60 36 17 22
60 47 10 14
60 52 22 15
60 63 23 16
60 64 11 6
60 81 21 17
60 88 14 11
60 109 16 23
60 134 7 17
60 137 4 7
60 140 20 8
60 146 15 22
60 188 8 14
60 190 13 4
60 191 12 6
60 200 5 7
60 223 18 9
60 266 19 12
60 281 9 16
61 48 19 12
61 51 7 15
61 69 23 15
61 76 21 16
61 89 5 9
61 103 22 17
61 107 16 21
61 156 9 6
61 168 17 22
61 198 6 12
61 202 12 18
61 208 13 19
61 223 20 23
61 234 8 6
61 240 11 6
61 255 4 10
61 257 10 15
61 271 15 11
61 283 14 9
61 284 18 12
62 1 6 12
62 6 15 13
62 19 5 13
62 40 12 15
62 96 18 23
62 106 20 8
62 135 11 4
62 147 22 18
62 161 14 23
62 163 17 12
62 181 21 16
62 183 8 18
62 202 23 17
62 205 4 7
62 216 7 5
62 220 10 16
62 250 13 4
62 264 9 14
62 274 16 23
62 283 19 8
63 36 8 18
63 42 12 6
63 43 14 21
63 54 15 8
63 60 16 23
63 65 4 13
63 87 17 23
63 103 23 14
63 123 7 6
63 133 19 7
63 139 21 18
63 141 11 16
63 144 10 4
63 166 22 19
63 180 20 9
63 191 18 12
63 197 5 7
63 251 9 18
63 277 13 15
63 283 6 12
64 3 12 16
64 19 8 5
64 26 4 12
64 36 18 13
64 46 17 10
64 48 20 23
64 60 6 11
64 69 9 5
64 87 10 4
64 101 5 7
64 123 22 17
64 130 19 13
64 152 11 15
64 201 14 22
64 218 13 17
64 234 21 15
64 252 7 14
64 255 15 13
64 258 23 17
64 278 16 22
65 10 23 17
65 32 6 12
65 33 14 21
65 39 10 15
65 51 5 9
65 53 4 10
65 63 13 4
65 73 7 20
65 81 12 20
65 92 18 9
65 162 19 22
65 164 11 6
65 179 15 8
65 183 20 10
65 193 22 18
65 210 8 4
65 213 21 17
65 215 9 17
65 231 17 22
65 244 16 9
66 22 12 15
66 30 14 23
66 55 18 7
66 88 23 18
66 121 5 7
66 128 16 7
66 156 9 4
66 176 20 21
66 193 11 16
66 200 10 19
66 201 22 19
66 202 19 7
66 203 6 8
66 233 8 17
66 247 4 13
66 253 21 14
66 255 17 7
66 256 13 6
66 273 7 6
66 281 15 22
67 36 19 23
67 68 10 5
67 78 8 16
67 89 18 7
67 127 23 14
67 132 7 5
67 136 13 5
67 138 4 12
67 188 20 23
67 194 6 7
67 205 12 18
67 227 11 20
67 233 9 16
67 237 15 12
67 242 14 9
67 257 5 11
67 273 16 21
67 279 21 16
67 280 17 11
67 281 22 15
68 16 8 5
68 22 7 16
68 52 6 9
68 53 18 11
68 67 5 10
68 81 22 19
68 94 19 22
68 95 9 17
68 136 23 20
68 148 12 5
68 153 10 19
68 175 11 4
68 185 15 7
68 193 13 15
68 196 14 11
68 209 4 8
68 217 21 15
68 259 16 13
68 262 20 22
68 283 17 23
69 24 20 10
69 28 14 13
69 29 21 17
69 35 8 17
69 45 19 9
69 46 12 20
69 51 6 13
69 61 15 23
69 64 5 9
69 104 10 20
69 117 9 17
69 124 22 19
69 125 23 19
69 139 16 21
69 142 4 13
69 186 17 10
69 216 11 4
69 219 13 4
69 233 7 5
69 274 18 21
70 14 18 11
70 28 14 21
70 29 6 12
70 32 12 17
70 40 15 8
70 73 5 10
70 88 17 9
70 121 8 4
70 162 9 17
70 180 4 11
70 183 10 5
70 188 19 21
70 205 21 19
70 206 23 16
70 219 11 16
70 221 13 4
70 248 16 23
70 252 7 16
70 257 22 18
70 260 20 7
71 0 19 21
71 5 22 14
71 50 23 14
71 54 15 13
71 81 17 23
71 113 21 15
71 121 11 5
71 124 12 17
71 144 14 23
71 152 8 17
71 155 4 8
71 160 10 20
71 166 20 7
71 186 13 4
71 195 7 5
71 203 6 10
71 215 9 16
71 220 16 7
71 235 18 11
71 257 5 7
72 1 8 16
72 13 21 14
72 30 5 8
72 38 22 17
72 45 18 13
72 49 20 23
72 50 4 13
72 102 10 4
72 120 23 14
72 128 6 9
72 133 9 14
72 136 15 12
72 162 11 4
72 165 13 6
72 166 7 15
72 167 14 12
72 189 17 7
72 199 19 23
72 219 16 21
72 256 12 17
73 7 15 23
73 9 9 15
73 12 18 11
73 14 19 13
73 58 23 18
73 65 20 7
73 70 10 5
73 74 12 20
73 81 21 18
73 82 17 9
73 97 13 5
73 127 22 17
73 130 5 10
73 151 11 4
73 160 6 8
73 191 8 14
73 217 14 23
73 246 7 16
73 251 16 21
73 266 4 10
74 6 14 9
74 12 16 13
74 26 5 10
74 33 23 17
74 73 20 12
74 87 18 8
74 119 17 21
74 133 7 5
74 139 15 23
74 144 13 5
74 154 9 6
74 176 11 18
74 198 10 18
74 200 8 14
74 201 19 21
74 217 4 9
74 218 12 18
74 239 6 10
74 262 21 15
74 283 22 14
75 0 4 10
75 10 13 6
75 30 17 22
75 34 6 9
75 35 15 10
75 39 7 6
75 55 8 4
75 77 14 23
75 98 18 22
75 106 11 16
75 143 16 8
75 169 20 11
75 172 22 17
75 177 5 11
75 180 21 14
75 181 12 14
75 199 19 9
75 204 23 18
75 235 10 14
75 277 9 17
76 1 20 10
76 23 11 14
76 61 16 21
76 88 4 7
76 113 9 5
76 129 13 17
76 137 5 11
76 158 8 20
76 164 14 22
76 177 18 22
76 208 12 5
76 209 7 6
76 214 15 13
76 215 23 18
76 216 10 15
76 221 17 8
76 222 19 9
76 240 21 16
76 272 22 15
76 276 6 11
77 6 15 11
77 15 10 17
77 29 4 9
77 41 21 19
77 46 8 19
77 49 14 22
77 75 23 14
77 80 11 5
77 112 16 7
77 119 19 13
77 146 18 21
77 168 13 4
77 175 9 5
77 178 20 13
77 203 22 19
77 225 17 22
77 234 6 13
77 244 5 8
77 254 12 17
77 287 7 17
78 0 11 6
78 6 22 17
78 11 18 9
78 39 5 9
78 40 10 20
78 45 9 20
78 52 14 22
78 55 13 6
78 59 12 4
78 67 16 8
78 114 21 19
78 142 23 16
78 145 17 12
78 219 4 9
78 241 19 21
78 247 20 10
78 262 6 9
78 268 7 17
78 274 15 22
78 287 8 16
79 26 11 20
79 45 8 17
79 50 21 18
79 54 13 4
79 118 19 21
79 124 18 23
79 165 20 10
79 187 22 19
79 196 23 16
79 199 4 12
79 206 6 7
79 214 5 7
79 218 7 15
79 219 15 22
79 230 9 6
79 233 14 12
79 238 16 9
79 249 17 13
79 252 12 6
79 269 10 15
80 11 10 6
80 12 22 20
80 20 15 22
80 57 16 11
80 77 5 11
80 117 7 5
80 167 23 16
80 175 18 11
80 179 17 7
80 186 6 12
80 209 21 20
80 217 14 21
80 223 13 17
80 224 19 11
80 228 8 14
80 236 12 20
80 245 4 11
80 246 11 5
80 259 9 15
80 267 20 21
81 34 8 6
81 50 6 11
81 60 17 21
81 65 20 12
81 68 19 22
81 71 23 17
81 73 18 21
81 114 15 9
81 142 16 12
81 149 21 20
81 159 14 12
81 162 22 19
81 164 9 20
81 212 11 16
81 216 10 6
81 249 5 7
81 250 12 19
81 257 4 9
81 268 13 16
81 275 7 5
82 14 23 20
82 42 16 8
82 43 22 16
82 45 10 6
82 54 18 21
82 73 9 17
82 99 20 11
82 107 17 13
82 112 21 20
82 117 11 6
82 146 7 18
82 166 6 10
82 180 4 10
82 215 15 9
82 216 19 23
82 219 14 23
82 225 5 12
82 258 13 4
82 266 12 16
82 278 8 18
83 3 20 13
83 21 14 21
83 23 19 9
83 24 16 8
83 39 18 21
83 41 23 16
83 51 13 16
83 57 8 19
83 87 5 12
83 98 21 19
83 107 17 9
83 119 4 10
83 146 22 15
83 155 11 4
83 160 10 4
83 172 6 12
83 192 7 6
83 243 12 15
83 250 15 22
83 255 9 20
84 0 23 15
84 33 19 23
84 35 22 14
84 49 11 17
84 95 21 16
84 128 6 8
84 133 4 11
84 146 7 6
84 174 9 6
84 176 5 10
84 184 20 11
84 212 13 4
84 228 14 23
84 246 17 22
84 250 8 15
84 251 15 12
84 261 12 14
84 266 18 11
84 269 16 13
84 281 10 20
85 13 8 16
85 15 18 11
85 25 4 13
85 28 11 5
85 104 15 23
85 108 23 19
85 124 7 20
85 133 22 16
85 144 21 20
85 190 10 6
85 206 6 9
85 210 16 23
85 216 20 21
85 224 13 6
85 231 19 11
85 255 9 19
85 274 12 16
85 275 14 11
85 278 5 9
85 282 17 9
86 20 23 17
86 22 22 20
86 28 20 8
86 36 21 20
86 46 13 4
86 57 10 17
86 88 12 6
86 104 14 21
86 107 9 18
86 111 16 23
86 127 6 10
86 134 17 7
86 209 15 13
86 220 8 17
86 225 18 13
86 241 5 8
86 243 19 21
86 249 7 4
86 258 11 20
86 277 4 7
87 12 16 22
87 22 13 4
87 48 18 22
87 63 23 17
87 64 4 10
87 74 8 18
87 83 12 5
87 105 21 20
87 139 10 20
87 142 5 11
87 156 6 7
87 164 11 14
87 166 17 13
87 168 14 10
87 172 9 4
87 181 20 23
87 194 22 17
87 206 7 14
87 258 15 13
87 282 19 10
88 9 12 14
88 23 8 4
88 26 17 22
88 36 13 4
88 60 11 14
88 66 18 23
88 70 9 17
88 76 7 4
88 86 6 12
88 94 19 7
88 105 14 8
88 117 5 12
88 159 15 7
88 173 22 19
88 195 21 14
88 197 10 16
88 202 23 20
88 230 16 11
88 242 20 23
88 274 4 12
89 9 6 8
89 14 11 6
89 25 4 12
89 26 13 14
89 28 20 22
89 29 12 16
89 43 14 22
89 48 15 9
89 54 8 14
89 61 9 5
89 67 7 18
89 153 16 22
89 169 10 5
89 224 23 16
89 230 21 17
89 247 22 20
89 260 5 9
89 265 19 13
89 273 17 10
89 280 18 9
90 3 11 4
90 22 18 23
90 26 8 16
90 27 7 4
90 104 17 12
90 111 10 14
90 130 12 16
90 160 23 14
90 164 5 9
90 197 20 11
90 225 19 21
90 234 13 18
90 236 22 19
90 246 15 21
90 247 9 6
90 248 14 12
90 252 16 12
90 259 6 7
90 269 21 16
90 285 4 9
91 8 5 11
91 24 16 7
91 41 13 20
91 45 14 21
91 48 17 10
91 55 19 9
91 59 11 19
91 101 20 23
91 104 7 4
91 131 6 10
91 146 4 11
91 161 18 9
91 176 23 19
91 179 15 22
91 228 12 18
91 237 8 20
91 245 10 5
91 251 21 19
91 270 22 16
91 283 9 5
92 0 22 17
92 4 16 22
92 7 10 16
92 10 17 22
92 17 23 15
92 65 9 18
92 103 7 5
92 119 20 12
92 135 18 11
92 140 13 4
92 144 8 15
92 155 21 14
92 171 15 7
92 177 11 19
92 181 19 10
92 210 5 10
92 214 12 4
92 233 6 9
92 234 14 22
92 267 4 10
93 15 7 6
93 16 5 8
93 25 15 22
93 34 20 7
93 45 12 18
93 46 10 5
93 125 9 16
93 135 18 21
93 137 16 9
93 140 14 21
93 141 13 17
93 156 17 8
93 174 4 9
93 197 8 4
93 200 11 18
93 221 6 7
93 239 22 17
93 240 23 19
93 242 21 16
93 261 19 7
94 3 16 11
94 16 23 15
94 22 20 21
94 27 5 8
94 37 9 17
94 51 11 6
94 68 22 19
94 88 7 19
94 105 18 12
94 107 21 20
94 111 19 22
94 118 6 13
94 120 17 8
94 131 10 6
94 134 14 21
94 140 8 5
94 159 12 18
94 170 15 8
94 172 4 13
94 237 13 18
95 15 20 13
95 21 23 14
95 33 9 5
95 38 15 22
95 68 17 9
95 84 16 21
95 98 7 6
95 112 5 12
95 125 13 4
95 153 4 10
95 159 21 17
95 161 22 14
95 164 8 16
95 202 10 15
95 203 18 21
95 207 19 11
95 215 11 20
95 233 14 8
95 240 6 11
95 245 12 14
96 1 10 18
96 15 13 15
96 21 19 13
96 23 22 17
96 39 21 14
96 56 20 9
96 62 23 18
96 105 8 4
96 111 17 9
96 117 7 4
96 124 12 6
96 128 14 22
96 159 18 22
96 164 15 8
96 189 16 22
96 190 4 7
96 192 5 12
96 194 9 16
96 196 11 14
96 213 6 9
97 22 6 12
97 29 13 5
97 36 21 17
97 49 23 16
97 73 5 13
97 109 16 7
97 115 7 16
97 140 17 23
97 157 12 5
97 161 9 18
97 166 15 21
97 168 22 17
97 180 8 18
97 195 14 8
97 205 18 21
97 221 20 9
97 222 19 10
97 240 4 9
97 265 11 14
97 266 10 4
98 15 23 18
98 18 5 13
98 46 17 9
98 53 9 14
98 75 22 18
98 83 19 21
98 95 6 7
98 122 13 6
98 127 16 22
98 131 21 16
98 138 14 21
98 163 8 5
98 197 11 14
98 213 18 12
98 228 15 7
98 237 7 5
98 250 20 7
98 267 12 16
98 269 10 20
98 282 4 12
99 0 8 14
99 1 22 17
99 7 7 5
99 34 23 18
99 49 4 8
99 82 11 20
99 120 17 7
99 123 9 14
99 137 6 12
99 143 16 22
99 183 21 15
99 196 13 19
99 199 14 22
99 232 19 23
99 253 10 4
99 261 15 13
99 263 18 10
99 267 20 7
99 274 12 4
99 285 5 12
100 28 10 16
100 40 17 9
100 47 16 7
100 49 21 19
100 110 5 8
100 125 22 18
100 126 15 7
100 135 23 14
100 154 20 22
100 158 8 16
100 174 4 7
100 195 19 7
100 218 12 6
100 227 6 7
100 237 11 4
100 245 18 23
100 247 7 16
100 252 9 20
100 278 13 4
100 280 14 23
101 31 16 9
101 43 21 14
101 64 7 5
101 91 23 20
101 114 22 17
101 121 15 23
101 125 20 21
101 160 6 10
101 172 14 9
101 187 17 22
101 193 5 10
101 213 11 20
101 228 13 20
101 233 4 13
101 256 10 5
101 257 9 14
101 265 8 4
101 268 19 8
101 283 18 11
101 286 12 16
102 5 11 5
102 27 13 14
102 32 8 15
102 43 16 10
102 72 4 10
102 104 14 9
102 110 17 13
102 117 7 18
102 118 23 19
102 128 21 18
102 135 9 18
102 158 18 11
102 184 22 14
102 197 15 23
102 225 6 8
102 239 12 5
102 252 19 23
102 268 5 13
102 272 10 6
102 286 20 23
103 10 10 18
103 19 7 4
103 33 8 19
103 37 6 10
103 45 9 5
103 61 17 22
103 63 14 23
103 92 5 7
103 113 4 10
103 133 15 13
103 148 16 7
103 156 11 17
103 191 23 20
103 192 20 11
103 222 13 5
103 241 19 22
103 246 21 15
103 247 18 8
103 249 22 20
103 273 12 19
104 5 10 6
104 8 13 6
104 53 5 13
104 69 20 10
104 85 23 15
104 86 21 14
104 90 12 17
104 91 4 7
104 102 9 14
104 151 16 12
104 175 19 22
104 181 18 21
104 186 14 13
104 190 17 10
104 191 22 19
104 205 8 4
104 209 7 19
104 214 11 17
104 232 6 11
104 241 15 23
105 16 10 4
105 32 9 6
105 39 13 4
105 57 21 16
105 87 20 21
105 88 8 14
105 94 12 18
105 96 4 8
105 126 17 23
105 131 22 19
105 148 6 12
105 150 23 14
105 161 5 12
105 171 11 17
105 181 7 20
105 205 19 22
105 216 16 11
105 240 18 10
105 260 14 10
105 270 15 10
106 6 12 19
106 10 21 16
106 34 11 15
106 39 22 18
106 42 5 9
106 49 23 15
106 50 14 9
106 53 18 22
106 62 8 20
106 75 16 11
106 154 19 10
106 160 13 5
106 170 15 13
106 204 17 21
106 213 4 10
106 227 7 14
106 246 9 6
106 259 20 23
106 263 10 4
106 275 6 12
107 0 5 7
107 14 8 18
107 21 23 17
107 41 12 4
107 61 21 16
107 82 13 17
107 83 9 17
107 86 18 9
107 94 20 21
107 115 22 18
107 123 19 8
107 128 4 10
107 165 16 9
107 186 6 11
107 229 14 10
107 231 15 23
107 237 7 17
107 257 17 23
107 268 11 5
107 269 10 6
108 7 12 15
108 11 23 20
108 12 14 23
108 21 4 10
108 28 5 9
108 32 18 13
108 36 20 11
108 85 19 23
108 109 15 21
108 113 13 4
108 154 11 4
108 165 8 16
108 172 16 10
108 180 21 16
108 183 22 16
108 192 7 16
108 203 17 9
108 208 9 6
108 226 6 9
108 277 10 16
109 7 22 17
109 13 9 4
109 21 12 5
109 55 18 8
109 60 23 16
109 97 7 16
109 108 21 15
109 127 16 21
109 136 11 6
109 193 17 23
109 203 13 20
109 217 5 11
109 231 19 8
109 233 10 15
109 248 8 16
109 261 14 23
109 268 6 12
109 270 4 12
109 286 15 7
109 287 20 9
110 4 12 4
110 6 7 18
110 11 11 15
110 14 6 8
110 15 23 20
110 21 19 12
110 26 21 19
110 30 10 4
110 33 14 13
110 36 4 10
110 38 15 7
110 56 22 15
110 100 8 5
110 102 13 17
110 129 18 22
110 130 5 9
110 154 16 7
110 181 9 15
110 193 20 21
110 242 17 22
111 6 8 5
111 27 21 17
111 46 6 12
111 86 23 16
111 90 14 10
111 94 22 19
111 96 9 17
111 163 19 23
111 172 20 22
111 173 12 6
111 178 10 19
111 196 4 10
111 224 5 8
111 231 17 21
111 238 11 19
111 243 15 11
111 244 13 4
111 256 7 14
111 262 16 7
111 277 18 9
112 6 11 15
112 41 14 11
112 53 19 9
112 77 7 16
112 82 20 21
112 95 12 5
112 140 16 13
112 142 17 23
112 145 10 4
112 158 13 15
112 159 6 9
112 162 18 10
112 169 8 6
112 186 4 9
112 208 22 15
112 210 15 21
112 233 5 11
112 262 21 20
112 265 23 20
112 269 9 18
113 19 22 15
113 71 15 21
113 76 5 9
113 103 10 4
113 108 4 13
113 129 14 21
113 140 12 16
113 150 11 17
113 160 19 9
113 210 8 5
113 216 6 7
113 226 23 14
113 227 21 16
113 233 9 19
113 253 17 7
113 257 18 10
113 258 7 6
113 262 16 23
113 272 20 8
113 283 13 19
114 4 10 15
114 32 4 11
114 78 19 21
114 81 9 15
114 101 17 22
114 118 14 8
114 119 12 17
114 127 22 18
114 129 20 12
114 139 23 17
114 148 21 18
114 183 6 8
114 212 5 9
114 213 18 23
114 217 16 7
114 235 15 13
114 248 11 19
114 252 8 4
114 257 13 5
114 260 7 5
115 2 8 17
115 9 6 13
115 32 9 4
115 97 16 7
115 107 18 22
115 128 22 15
115 145 15 8
115 156 11 20
115 167 13 4
115 174 19 8
115 179 7 4
115 195 5 13
115 202 14 9
115 205 4 11
115 240 21 18
115 253 12 16
115 259 23 20
115 260 10 18
115 275 17 21
115 284 20 21
116 24 14 22
116 34 10 14
116 118 19 12
116 130 16 8
116 133 7 20
116 134 13 6
116 160 6 11
116 162 9 20
116 164 23 18
116 166 17 12
116 175 4 9
116 195 11 15
116 199 20 10
116 205 18 23
116 215 22 14
116 227 21 19
116 234 8 4
116 241 12 5
116 267 5 8
116 279 15 23
117 59 22 20
117 69 17 9
117 80 5 7
117 82 6 11
117 88 12 5
117 96 4 7
117 102 18 7
117 121 23 20
117 134 9 15
117 194 21 19
117 202 8 19
117 211 19 12
117 212 15 22
117 230 7 18
117 243 16 7
117 270 20 22
117 275 13 4
117 278 14 23
117 283 10 6
117 284 11 15
118 0 14 12
118 9 5 7
118 20 6 12
118 29 18 7
118 51 11 4
118 79 21 19
118 94 13 6
118 102 19 23
118 114 8 14
118 116 12 19
118 119 9 5
118 136 7 17
118 143 22 17
118 146 23 17
118 160 15 22
118 174 16 10
118 201 4 11
118 208 17 22
118 227 10 15
118 229 20 11
119 17 16 21
119 47 8 20
119 59 6 8
119 74 21 17
119 77 13 19
119 83 10 4
119 92 12 20
119 114 17 12
119 118 5 9
119 134 19 8
119 136 7 4
119 164 23 15
119 169 11 15
119 194 18 13
119 197 22 19
119 226 14 11
119 228 15 22
119 252 20 22
119 253 9 6
119 282 4 8
120 4 10 5
120 31 12 4
120 54 15 23
120 72 14 23
120 94 8 17
120 99 7 17
120 135 16 10
120 162 19 8
120 163 6 9
120 167 20 21
120 187 21 17
120 205 5 8
120 211 11 5
120 220 13 20
120 234 9 16
120 240 4 7
120 247 22 14
120 263 23 18
120 274 17 10
120 282 18 11
121 0 10 19
121 37 9 6
121 66 7 5
121 70 4 8
121 71 5 11
121 101 23 15
121 117 20 23
121 152 6 12
121 166 17 22
121 168 8 14
121 175 11 19
121 192 19 13
121 203 12 5
121 206 15 10
121 211 16 9
121 237 21 19
121 243 14 23
121 261 22 18
121 267 18 9
121 287 13 18
122 14 5 10
122 23 14 21
122 30 22 14
122 35 21 19
122 38 11 15
122 39 17 23
122 41 23 18
122 52 19 10
122 55 13 14
122 59 12 18
122 98 6 13
122 155 15 12
122 177 9 5
122 208 4 8
122 213 18 22
122 214 8 5
122 219 10 5
122 222 7 15
122 273 20 7
122 280 16 8
123 37 21 16
123 58 4 9
123 59 19 9
123 63 6 7
123 64 17 22
123 99 14 9
123 107 8 19
123 124 18 22
123 126 15 22
123 143 12 20
123 162 5 9
123 177 23 20
123 183 11 19
123 185 7 17
123 189 22 16
123 242 20 13
123 257 16 8
123 273 9 4
123 274 13 6
123 284 10 6
124 47 9 19
124 52 14 23
124 69 19 22
124 71 17 12
124 79 23 18
124 85 20 7
124 96 6 12
124 123 22 18
124 132 21 19
124 139 16 22
124 182 7 15
124 187 18 13
124 248 8 18
124 264 5 9
124 266 15 7
124 272 4 9
124 282 12 4
124 284 13 17
124 286 11 6
124 287 10 4
125 1 20 11
125 12 10 6
125 48 7 4
125 49 14 9
125 56 8 6
125 59 22 17
125 69 19 23
125 93 16 9
125 95 4 13
125 100 18 22
125 101 21 20
125 150 15 23
125 165 17 12
125 178 9 18
125 183 11 14
125 195 6 11
125 202 23 16
125 234 12 20
125 249 5 8
125 260 13 14
126 5 15 22
126 100 7 15
126 105 23 17
126 123 22 15
126 131 10 20
126 138 11 4
126 148 18 13
126 161 14 21
126 166 21 20
126 171 19 21
126 205 9 6
126 206 8 17
126 208 16 7
126 214 13 6
126 241 12 18
126 244 17 10
126 245 20 9
126 248 4 9
126 255 5 8
126 269 6 12
127 16 9 6
127 43 12 18
127 67 14 23
127 73 17 22
127 86 10 6
127 98 22 16
127 109 21 16
127 114 18 22
127 130 11 5
127 151 19 7
127 156 15 13
127 168 4 9
127 173 13 18
127 203 16 11
127 223 20 12
127 235 8 16
127 238 23 14
127 244 5 12
127 247 7 17
127 260 6 8
128 55 5 10
128 58 13 16
128 66 7 16
128 72 9 6
128 84 8 6
128 96 22 14
128 102 18 21
128 107 10 4
128 115 15 22
128 141 12 20
128 147 23 17
128 161 6 8
128 163 19 7
128 174 20 12
128 178 21 14
128 196 16 12
128 200 14 23
128 205 17 9
128 214 4 9
128 282 11 15
129 2 7 19
129 13 6 13
129 46 5 7
129 55 4 13
129 58 10 20
129 76 17 13
129 110 22 18
129 113 21 14
129 114 12 20
129 150 11 18
129 168 9 6
129 174 15 21
129 183 8 4
129 184 13 5
129 186 23 17
129 189 16 9
129 197 14 8
129 198 18 11
129 224 20 21
129 226 19 22
130 11 18 10
130 50 12 16
130 51 20 7
130 64 13 19
130 73 10 5
130 90 16 12
130 110 9 5
130 116 8 16
130 127 5 11
130 139 4 11
130 145 11 18
130 148 17 21
130 150 7 5
130 152 6 11
130 176 19 12
130 208 15 21
130 226 23 18
130 228 14 21
130 243 21 20
130 255 22 15
131 8 23 15
131 91 10 6
131 94 6 10
131 98 16 21
131 105 19 22
131 126 20 10
131 134 15 9
131 135 11 20
131 148 12 17
131 166 18 11
131 180 9 4
131 182 17 21
131 187 13 14
131 188 22 19
131 189 8 18
131 207 7 6
131 232 4 9
131 239 14 11
131 244 21 18
131 249 5 11
132 7 10 6
132 9 11 17
132 28 22 14
132 30 12 18
132 35 9 6
132 67 5 7
132 124 19 21
132 162 13 16
132 176 16 22
132 189 20 12
132 197 7 5
132 211 15 21
132 218 14 10
132 230 6 8
132 235 4 8
132 259 8 14
132 277 21 14
132 285 23 19
132 286 17 11
132 287 18 7
133 17 10 4
133 20 19 23
133 25 9 18
133 63 7 19
133 72 14 9
133 74 5 7
133 84 11 4
133 85 16 22
133 103 13 15
133 116 20 7
133 134 18 23
133 147 15 9
133 153 17 13
133 162 4 12
133 207 21 16
133 210 8 16
133 223 6 8
133 229 12 6
133 284 22 19
133 287 23 14
134 8 12 17
134 11 19 22
134 25 14 10
134 31 16 12
134 34 20 23
134 35 10 4
134 42 22 18
134 43 5 8
134 60 17 7
134 86 7 17
134 94 21 14
134 116 6 13
134 117 15 9
134 119 8 19
134 131 9 15
134 133 23 18
134 138 13 6
134 142 11 6
134 145 4 11
134 151 18 22
135 17 22 18
135 27 9 16
135 29 15 23
135 50 8 4
135 62 4 11
135 92 11 18
135 93 21 18
135 100 14 23
135 102 18 9
135 120 10 16
135 131 20 11
135 165 23 19
135 168 7 20
135 193 19 7
135 220 13 4
135 227 12 4
135 230 16 7
135 236 17 23
135 253 6 10
135 277 5 8
136 0 11 5
136 11 8 14
136 36 16 12
136 48 10 15
136 59 14 22
136 67 5 13
136 68 20 23
136 72 12 15
136 109 6 11
136 118 17 7
136 119 4 7
136 149 7 6
136 181 22 19
136 190 13 17
136 197 19 12
136 199 9 4
136 202 18 12
136 221 23 17
136 273 21 18
136 281 15 23
137 0 14 13
137 41 4 12
137 52 18 21
137 60 7 4
137 76 11 5
137 93 9 16
137 99 12 6
137 140 5 10
137 145 6 13
137 148 13 20
137 150 15 22
137 171 23 18
137 204 8 15
137 229 19 21
137 245 16 10
137 258 17 11
137 261 20 8
137 267 21 15
137 275 10 20
137 276 22 16
138 15 15 23
138 25 16 7
138 39 20 10
138 67 12 4
138 98 21 14
138 126 4 11
138 134 6 13
138 161 22 15
138 180 7 17
138 195 8 16
138 198 13 16
138 225 5 7
138 226 11 15
138 247 9 5
138 255 14 21
138 264 17 7
138 270 19 23
138 278 18 10
138 284 23 20
138 285 10 4
139 2 10 14
139 17 16 8
139 22 6 13
139 51 7 14
139 58 4 12
139 63 18 21
139 69 21 16
139 74 23 15
139 87 20 10
139 114 17 23
139 124 22 16
139 130 11 4
139 155 19 11
139 159 15 13
139 179 13 6
139 194 8 18
139 230 12 5
139 235 9 19
139 243 5 9
139 253 14 21
140 10 7 19
140 27 6 12
140 33 9 15
140 60 8 20
140 92 4 13
140 93 21 14
140 94 5 8
140 97 23 17
140 112 13 16
140 113 16 12
140 137 10 5
140 159 14 10
140 186 19 23
140 193 20 11
140 199 22 19
140 203 17 22
140 204 12 4
140 217 15 12
140 235 11 5
140 263 18 21
141 0 9 20
141 25 11 6
141 38 13 5
141 44 10 18
141 63 16 11
141 93 17 13
141 128 20 12
141 144 19 21
141 168 22 18
141 170 8 6
141 173 6 12
141 176 7 16
141 185 15 12
141 186 12 19
141 218 14 22
141 224 4 7
141 238 23 16
141 246 5 10
141 254 21 18
141 268 18 21
142 19 15 12
142 34 10 20
142 49 5 10
142 54 8 6
142 69 13 4
142 78 16 23
142 81 12 16
142 87 11 5
142 112 23 17
142 134 6 11
142 152 18 21
142 184 9 17
142 206 19 13
142 221 7 20
142 232 17 13
142 237 14 8
142 244 20 21
142 246 22 14
142 261 21 19
142 265 4 9
143 1 7 14
143 17 18 22
143 44 16 7
143 56 11 18
143 75 8 16
143 99 22 16
143 118 17 22
143 123 20 12
143 148 15 8
143 210 14 11
143 241 13 16
143 248 12 5
143 252 10 5
143 254 4 11
143 264 9 6
143 268 23 20
143 275 19 23
143 278 21 17
143 285 6 13
143 286 5 10
144 27 13 19
144 32 8 5
144 33 6 8
144 42 22 14
144 59 18 12
144 63 4 10
144 71 23 14
144 74 5 13
144 85 20 21
144 92 15 8
144 141 21 19
144 204 19 13
144 225 9 6
144 231 11 20
144 232 17 21
144 241 12 17
144 263 14 12
144 269 16 23
144 276 10 15
144 280 7 6
145 1 15 9
145 23 22 15
145 37 21 14
145 40 6 11
145 55 23 17
145 78 12 17
145 112 4 10
145 115 8 15
145 130 18 11
145 134 11 4
145 137 13 6
145 149 7 19
145 155 10 6
145 177 19 8
145 187 16 11
145 196 20 22
145 212 17 23
145 216 9 18
145 233 14 21
145 246 5 9
146 0 4 11
146 23 16 8
146 38 12 19
146 57 5 12
146 60 22 15
146 77 21 18
146 82 18 7
146 83 15 22
146 84 6 7
146 91 11 4
146 118 17 23
146 169 23 20
146 171 20 22
146 230 8 4
146 247 10 4
146 251 19 8
146 258 14 7
146 266 13 19
146 270 7 14
146 273 9 20
147 17 20 10
147 42 21 16
147 51 23 19
147 59 15 10
147 62 18 22
147 128 17 23
147 133 9 15
147 150 19 13
147 153 16 12
147 161 11 16
147 169 22 18
147 182 4 7
147 217 7 5
147 230 12 14
147 248 5 7
147 249 13 18
147 255 8 6
147 266 6 8
147 267 10 6
147 282 14 23
148 4 23 19
148 33 11 4
148 47 6 8
148 51 9 5
148 68 5 12
148 103 7 16
148 105 12 6
148 114 18 21
148 126 13 18
148 130 21 17
148 131 17 12
148 137 20 13
148 143 8 15
148 168 19 11
148 181 14 8
148 191 15 22
148 216 22 19
148 229 4 7
148 237 16 21
148 273 10 15
149 6 9 4
149 11 23 16
149 21 7 15
149 81 20 21
149 136 6 7
149 145 19 7
149 151 14 9
149 155 10 15
149 167 18 13
149 168 15 13
149 196 13 15
149 205 22 20
149 206 21 15
149 227 4 9
149 238 17 21
149 256 8 4
149 266 16 21
149 278 12 6
149 281 11 14
149 287 5 12
150 20 9 20
150 31 19 21
150 34 4 8
150 42 7 4
150 46 8 18
150 49 6 7
150 105 14 23
150 113 17 11
150 125 23 15
150 129 18 11
150 130 5 7
150 137 22 15
150 147 13 19
150 157 11 4
150 178 21 20
150 181 10 17
150 213 12 4
150 264 15 13
150 271 16 8
150 285 20 21
151 10 11 5
151 24 10 6
151 26 21 17
151 42 13 5
151 52 17 7
151 55 23 15
151 73 4 11
151 104 12 16
151 127 7 19
151 134 22 18
151 149 9 14
151 157 14 22
151 171 18 8
151 172 6 8
151 217 19 22
151 220 16 8
151 223 8 18
151 235 20 22
151 254 5 9
151 264 15 10
152 20 4 8
152 46 13 6
152 56 19 22
152 64 15 11
152 71 17 8
152 121 12 6
152 130 11 6
152 142 21 18
152 155 18 13
152 166 5 8
152 173 7 16
152 194 14 9
152 209 9 17
152 213 6 7
152 214 23 19
152 219 22 14
152 227 20 22
152 259 8 19
152 269 10 14
152 287 16 22
153 14 9 4
153 57 7 14
153 68 19 10
153 89 22 16
153 95 10 4
153 133 13 17
153 147 12 16
153 162 14 13
153 167 18 22
153 169 15 10
153 205 17 12
153 223 5 7
153 235 20 21
153 237 4 9
153 253 11 20
153 256 23 20
153 260 21 16
153 262 16 21
153 271 8 4
153 286 6 12
154 5 18 23
154 9 21 20
154 12 12 17
154 18 11 5
154 30 8 5
154 37 14 22
154 74 6 9
154 100 22 20
154 106 10 19
154 108 4 11
154 110 7 16
154 157 20 23
154 173 9 4
154 198 15 13
154 219 17 12
154 222 5 8
154 240 13 17
154 255 23 14
154 276 16 9
154 277 19 13
155 14 7 5
155 52 9 4
155 71 8 4
155 83 4 11
155 92 14 21
155 122 12 15
155 139 11 19
155 145 6 10
155 149 15 10
155 152 13 18
155 158 18 13
155 159 22 16
155 160 16 7
155 163 20 8
155 168 17 21
155 236 21 17
155 242 23 17
155 251 5 7
155 257 19 22
155 260 10 20
156 1 23 15
156 3 14 23
156 13 12 17
156 34 21 19
156 61 6 9
156 66 4 9
156 87 7 6
156 93 8 17
156 103 17 11
156 115 20 11
156 127 13 15
156 185 10 5
156 194 15 22
156 198 22 20
156 205 11 5
156 219 9 19
156 221 16 11
156 243 18 10
156 270 19 21
156 287 5 10
157 15 20 21
157 19 14 11
157 21 10 18
157 30 7 19
157 57 19 9
157 58 21 15
157 97 5 12
157 150 4 11
157 151 22 14
157 154 23 20
157 167 13 18
157 173 16 13
157 196 17 8
157 203 6 12
157 227 8 5
157 239 11 15
157 269 15 21
157 271 18 21
157 272 9 4
157 280 12 4
158 4 23 17
158 10 22 15
158 22 21 19
158 40 10 16
158 41 12 5
158 43 19 9
158 52 4 13
158 76 20 8
158 100 16 8
158 102 11 18
158 112 15 13
158 155 13 18
158 163 5 11
158 164 17 23
158 180 6 8
158 184 7 19
158 225 8 5
158 226 9 4
158 232 18 22
158 256 14 23
159 7 15 13
159 12 21 19
159 15 23 19
159 25 4 9
159 81 12 14
159 88 7 15
159 94 18 12
159 95 17 21
159 96 22 18
159 112 9 6
159 139 13 15
159 140 10 14
159 155 16 22
159 177 20 7
159 184 14 22
159 195 11 4
159 206 5 8
159 211 19 11
159 215 8 6
159 243 6 12
160 24 13 15
160 29 19 8
160 43 12 19
160 58 17 23
160 71 20 10
160 73 8 6
160 83 4 10
160 90 14 23
160 101 10 6
160 106 5 13
160 113 9 19
160 116 11 6
160 118 22 15
160 155 7 16
160 168 6 7
160 221 21 14
160 230 18 21
160 253 23 15
160 262 16 10
160 266 15 13
161 7 20 22
161 21 19 8
161 25 22 15
161 41 13 6
161 42 4 11
161 44 7 19
161 45 5 7
161 62 23 14
161 91 9 18
161 95 14 22
161 97 18 9
161 105 12 5
161 126 21 14
161 128 8 6
161 138 15 22
161 147 16 11
161 188 17 11
161 189 6 8
161 198 10 14
161 267 11 20
162 1 15 23
162 7 18 11
162 9 21 16
162 43 7 20
162 65 22 19
162 70 17 9
162 72 4 11
162 81 19 22
162 112 10 18
162 116 20 9
162 120 8 19
162 123 9 5
162 132 16 13
162 133 12 4
162 153 13 14
162 191 14 21
162 240 11 5
162 247 5 11
162 265 6 7
162 267 23 19
163 1 19 13
163 9 16 12
163 14 21 17
163 20 14 9
163 27 17 9
163 62 12 17
163 98 5 8
163 111 23 19
163 120 9 6
163 128 7 19
163 155 8 20
163 158 11 5
163 174 22 16
163 177 20 23
163 180 13 5
163 195 10 18
163 206 18 21
163 215 15 23
163 222 4 11
163 252 6 11
164 14 7 16
164 16 12 14
164 26 17 8
164 43 10 17
164 45 4 10
164 65 6 11
164 76 22 14
164 81 20 9
164 87 14 11
164 90 9 5
164 95 16 8
164 96 8 15
164 116 18 23
164 119 15 23
164 158 23 17
164 171 11 5
164 175 19 23
164 212 21 20
164 218 5 12
164 231 13 5
165 18 15 7
165 29 17 10
165 31 5 10
165 72 6 13
165 79 10 20
165 107 9 16
165 108 16 8
165 125 12 17
165 135 19 23
165 166 7 18
165 170 23 14
165 174 13 5
165 176 18 23
165 201 14 12
165 223 11 4
165 236 4 7
165 259 20 21
165 271 8 6
165 275 22 19
165 280 21 15
166 8 4 7
166 9 14 11
166 28 23 18
166 31 9 6
166 47 17 13
166 54 6 10
166 63 19 22
166 71 7 20
166 72 15 7
166 82 10 6
166 87 13 17
166 97 21 15
166 116 12 17
166 121 22 17
166 126 20 21
166 131 11 18
166 152 8 5
166 165 18 7
166 236 5 8
166 247 16 21
167 11 6 7
167 40 11 14
167 47 17 23
167 72 12 14
167 80 16 23
167 115 4 13
167 120 21 20
167 149 13 18
167 153 22 18
167 157 18 13
167 175 15 21
167 184 23 18
167 226 5 12
167 238 19 10
167 247 14 9
167 256 20 8
167 259 8 16
167 266 10 6
167 284 7 4
167 285 9 6
168 61 22 17
168 77 4 13
168 87 10 14
168 97 17 22
168 121 14 8
168 127 9 4
168 129 6 9
168 135 20 7
168 141 18 22
168 148 11 19
168 149 13 15
168 155 21 17
168 160 7 6
168 176 5 9
168 178 16 22
168 189 8 6
168 206 12 20
168 212 15 10
168 231 19 10
168 237 23 16
169 14 16 7
169 33 14 7
169 35 13 5
169 53 8 4
169 59 4 11
169 75 11 20
169 89 5 10
169 112 6 8
169 119 15 11
169 146 20 23
169 147 18 22
169 153 10 15
169 186 21 18
169 192 17 8
169 208 12 14
169 221 22 16
169 231 23 16
169 241 7 6
169 261 9 16
169 263 19 23
170 26 20 21
170 94 8 15
170 106 13 15
170 141 6 8
170 165 14 23
170 193 12 17
170 209 15 21
170 213 19 8
170 220 23 15
170 222 7 4
170 227 18 12
170 231 11 14
170 236 9 5
170 254 4 8
170 259 10 6
170 267 17 11
170 269 5 11
170 274 16 13
170 282 22 16
170 283 21 20
171 16 15 10
171 24 10 18
171 58 13 6
171 92 7 15
171 105 17 11
171 126 21 19
171 137 18 23
171 146 22 20
171 151 8 18
171 164 5 11
171 176 6 11
171 186 19 21
171 196 9 4
171 209 20 12
171 214 16 12
171 221 14 22
171 243 12 4
171 248 23 17
171 255 4 12
171 280 11 19
172 59 18 21
172 75 17 22
172 83 12 6
172 87 4 9
172 94 13 4
172 101 9 14
172 108 10 16
172 111 22 20
172 151 8 6
172 182 16 11
172 183 5 11
172 201 23 14
172 205 7 16
172 207 15 21
172 221 6 13
172 225 20 9
172 227 21 18
172 234 11 14
172 260 14 12
172 276 19 12
173 1 11 5
173 8 10 20
173 15 7 16
173 48 23 17
173 50 22 17
173 88 19 22
173 111 6 12
173 127 18 13
173 141 12 6
173 152 16 7
173 154 4 9
173 157 13 16
173 181 5 12
173 212 21 17
173 222 15 21
173 230 17 22
173 231 8 18
173 265 9 6
173 269 14 10
173 276 20 7
174 0 17 22
174 2 23 18
174 27 13 6
174 33 20 11
174 35 11 20
174 47 4 12
174 84 6 9
174 93 9 4
174 100 7 4
174 115 8 19
174 118 10 16
174 128 12 20
174 129 21 15
174 163 16 22
174 165 5 13
174 186 15 8
174 205 22 15
174 264 19 23
174 274 14 11
174 284 18 8
175 9 10 18
175 25 7 4
175 31 8 15
175 33 17 22
175 68 4 11
175 77 5 9
175 80 11 18
175 104 22 19
175 116 9 4
175 121 19 11
175 164 23 19
175 167 21 15
175 180 13 6
175 217 16 8
175 221 15 21
175 225 18 23
175 245 20 7
175 249 14 12
175 262 12 18
175 280 6 13
176 26 15 13
176 34 14 10
176 66 21 20
176 74 18 11
176 84 10 5
176 91 19 23
176 130 12 19
176 132 22 16
176 141 16 7
176 165 23 18
176 168 9 5
176 171 11 6
176 190 17 22
176 198 5 9
176 214 6 10
176 227 13 17
176 236 20 22
176 254 7 19
176 256 8 15
176 262 4 8
177 2 15 8
177 11 17 23
177 19 4 10
177 32 14 10
177 36 9 6
177 40 12 4
177 48 21 16
177 50 16 10
177 75 11 5
177 76 22 18
177 92 19 11
177 122 5 9
177 123 20 23
177 145 8 19
177 159 7 20
177 163 23 20
177 185 18 23
177 219 6 11
177 220 13 14
177 246 10 17
178 10 16 23
178 13 6 10
178 35 17 9
178 37 15 9
178 43 21 15
178 53 12 17
178 59 5 7
178 77 13 20
178 111 19 10
178 125 18 9
178 128 14 21
178 150 20 21
178 168 22 16
178 182 9 20
178 210 11 14
178 239 23 16
178 247 4 7
178 274 8 5
178 275 7 6
178 281 10 4
179 12 11 5
179 16 9 20
179 44 16 23
179 45 21 19
179 57 23 15
179 65 8 15
179 80 7 17
179 91 22 15
179 115 4 7
179 139 6 13
179 191 5 8
179 193 10 19
179 206 12 5
179 222 17 22
179 259 19 22
179 269 14 7
179 271 15 10
179 281 13 5
179 284 20 10
179 286 18 8
180 4 12 18
180 20 19 13
180 26 21 18
180 29 20 11
180 51 15 21
180 63 9 20
180 70 11 4
180 75 14 21
180 82 10 4
180 97 18 8
180 108 16 21
180 131 4 9
180 138 17 7
180 158 8 6
180 163 5 13
180 175 6 13
180 189 13 19
180 200 22 15
180 236 7 16
180 267 23 18
181 18 4 8
181 20 18 21
181 24 13 17
181 31 11 5
181 36 22 15
181 62 16 21
181 75 14 12
181 87 23 20
181 92 10 19
181 104 21 18
181 105 20 7
181 110 15 9
181 136 19 22
181 148 8 14
181 150 17 10
181 173 12 5
181 189 6 13
181 190 9 14
181 193 7 4
181 256 5 13
182 0 22 18
182 18 18 23
182 48 9 14
182 50 12 19
182 53 23 18
182 124 15 7
182 131 21 17
182 147 7 4
182 172 11 16
182 178 20 9
182 196 13 5
182 201 4 10
182 215 16 22
182 229 6 8
182 244 14 11
182 250 10 5
182 252 8 15
182 257 19 13
182 273 5 12
182 285 17 23
183 3 12 15
183 24 13 4
183 55 21 16
183 62 18 8
183 65 10 20
183 70 5 10
183 99 15 21
183 108 16 22
183 114 8 6
183 123 19 11
183 125 14 11
183 129 4 8
183 172 11 5
183 191 20 7
183 196 17 21
183 204 22 20
183 225 23 19
183 247 9 15
183 255 7 17
183 273 6 8
184 7 20 21
184 11 15 12
184 22 16 9
184 57 8 20
184 84 11 20
184 102 14 22
184 129 5 13
184 142 17 9
184 158 19 7
184 159 22 14
184 167 18 23
184 196 9 17
184 197 13 6
184 200 10 5
184 216 4 13
184 232 6 7
184 248 12 6
184 266 7 20
184 282 21 14
184 286 23 15
185 25 19 23
185 28 11 17
185 49 15 21
185 68 7 15
185 123 17 7
185 141 12 15
185 156 5 10
185 177 23 18
185 188 10 18
185 189 4 11
185 191 9 5
185 192 22 15
185 230 6 9
185 233 21 18
185 243 13 5
185 245 16 22
185 260 8 4
185 285 18 8
185 286 14 9
185 287 20 11
186 34 15 13
186 69 10 17
186 71 4 13
186 80 12 6
186 104 13 14
186 107 11 6
186 112 9 4
186 129 17 23
186 140 23 19
186 141 19 12
186 169 18 21
186 171 21 19
186 174 8 15
186 194 16 12
186 201 6 13
186 211 22 18
186 220 14 13
186 234 20 21
186 241 7 20
186 245 5 8
187 8 20 9
187 10 12 14
187 17 21 17
187 52 8 5
187 79 19 22
187 101 22 17
187 120 17 21
187 124 13 18
187 131 14 13
187 145 11 16
187 192 18 22
187 196 5 9
187 203 16 13
187 208 6 11
187 229 23 19
187 233 15 7
187 234 4 10
187 235 7 4
187 249 9 6
187 260 10 19
188 24 17 12
188 25 22 19
188 27 16 22
188 31 4 13
188 48 6 7
188 60 14 8
188 67 23 20
188 70 21 19
188 131 19 22
188 161 11 17
188 185 18 10
188 221 20 10
188 227 9 6
188 229 7 15
188 243 13 19
188 273 5 9
188 278 10 5
188 279 8 14
188 282 15 22
188 287 12 5
189 18 15 21
189 22 10 18
189 58 23 17
189 72 7 17
189 96 22 16
189 123 16 22
189 129 9 16
189 131 18 8
189 132 12 20
189 161 8 6
189 168 6 8
189 180 19 13
189 181 13 6
189 185 11 4
189 208 5 13
189 209 14 22
189 212 4 12
189 218 20 7
189 248 21 20
189 259 17 9
190 2 18 22
190 12 5 7
190 14 9 15
190 44 11 5
190 47 8 6
190 50 20 7
190 52 15 8
190 60 4 13
190 85 6 10
190 96 7 4
190 104 10 17
190 136 17 13
190 176 22 17
190 181 14 9
190 234 16 23
190 244 19 22
190 258 12 14
190 264 23 20
190 276 13 20
190 279 21 17
191 18 10 4
191 20 9 19
191 60 6 12
191 63 12 18
191 73 14 8
191 103 20 23
191 104 19 22
191 148 22 15
191 162 21 14
191 179 8 5
191 183 7 20
191 185 5 9
191 194 13 14
191 198 4 10
191 206 17 11
191 216 23 17
191 222 11 6
191 255 16 23
191 273 18 11
191 279 15 11
192 5 20 13
192 26 18 7
192 46 19 21
192 52 5 12
192 55 7 5
192 83 6 7
192 96 12 5
192 103 11 20
192 108 16 7
192 121 13 19
192 169 8 17
192 185 15 22
192 187 22 18
192 218 4 11
192 223 9 5
192 230 21 16
192 235 23 17
192 255 10 16
192 272 17 12
192 275 14 22
193 2 20 21
193 13 13 15
193 34 5 11
193 38 14 21
193 65 18 22
193 66 16 11
193 68 15 13
193 101 10 5
193 109 23 17
193 110 21 20
193 135 7 19
193 140 11 20
193 170 17 12
193 179 19 10
193 181 4 7
193 199 8 5
193 235 6 10
193 245 9 17
193 249 22 17
193 277 12 4
194 5 8 4
194 10 15 11
194 19 6 9
194 34 10 4
194 41 20 22
194 50 11 15
194 67 7 6
194 87 17 22
194 96 16 9
194 117 19 21
194 119 13 18
194 139 18 8
194 152 9 14
194 156 22 15
194 186 12 16
194 191 14 13
194 199 23 16
194 271 21 18
194 277 5 10
194 284 4 9
195 13 23 18
195 34 19 21
195 48 12 6
195 54 20 11
195 71 5 7
195 88 14 21
195 97 8 14
195 100 7 19
195 115 13 5
195 116 15 11
195 125 11 6
195 138 16 8
195 159 4 11
195 163 18 10
195 210 9 18
195 218 17 21
195 243 10 17
195 249 21 19
195 263 22 14
195 271 6 12
196 14 7 19
196 29 20 22
196 47 23 18
196 68 11 14
196 79 16 23
196 96 14 11
196 99 19 13
196 111 10 4
196 128 12 16
196 145 22 20
196 149 15 13
196 157 8 17
196 171 4 9
196 182 5 13
196 183 21 17
196 184 17 9
196 187 9 5
196 226 6 7
196 279 13 4
196 280 18 21
197 2 9 5
197 24 10 5
197 30 20 9
197 39 21 17
197 42 18 22
197 44 17 12
197 52 13 20
197 63 7 5
197 88 16 10
197 90 11 20
197 93 4 8
197 98 14 11
197 102 23 15
197 119 19 22
197 129 8 14
197 132 5 7
197 136 12 19
197 184 6 13
197 237 15 23
197 252 22 17
198 6 4 7
198 8 15 23
198 13 17 9
198 28 7 19
198 47 19 21
198 61 12 6
198 74 18 10
198 129 11 18
198 138 16 13
198 154 13 15
198 156 20 22
198 161 14 10
198 176 9 5
198 191 10 4
198 201 8 20
198 202 6 11
198 220 21 18
198 231 5 9
198 259 22 17
198 275 23 14
199 2 15 12
199 11 8 5
199 13 18 12
199 37 20 13
199 43 14 11
199 54 13 5
199 72 23 19
199 75 9 19
199 79 12 4
199 99 22 14
199 116 10 20
199 136 4 9
199 140 19 22
199 193 5 8
199 194 16 23
199 200 21 20
199 219 6 13
199 240 11 20
199 258 7 18
199 261 17 22
200 7 8 4
200 8 17 22
200 11 11 4
200 22 4 7
200 32 22 16
200 42 16 12
200 54 6 12
200 60 7 5
200 66 19 10
200 74 14 8
200 93 18 11
200 128 23 14
200 180 15 22
200 184 5 10
200 199 20 21
200 207 12 20
200 215 10 19
200 217 9 20
200 223 21 14
200 277 13 20
201 12 7 18
201 56 23 16
201 59 8 15
201 64 22 14
201 66 19 22
201 74 21 19
201 118 11 4
201 165 12 14
201 172 14 23
201 182 10 4
201 186 13 6
201 198 20 8
201 203 17 7
201 230 9 15
201 252 18 21
201 272 5 13
201 277 16 12
201 279 15 8
201 286 4 13
201 287 6 13
202 22 22 17
202 40 14 13
202 61 18 12
202 62 17 23
202 66 7 19
202 88 20 23
202 95 15 10
202 115 9 14
202 117 19 8
202 125 16 23
202 136 12 18
202 198 11 6
202 215 13 4
202 235 8 6
202 244 4 13
202 251 23 16
202 254 21 15
202 263 10 19
202 281 5 7
202 284 6 7
203 0 17 9
203 8 18 21
203 37 14 12
203 42 15 7
203 55 16 23
203 66 8 6
203 71 10 6
203 77 19 22
203 95 21 18
203 108 9 17
203 109 20 13
203 121 5 12
203 127 11 16
203 140 22 17
203 157 12 6
203 187 13 16
203 201 7 17
203 207 23 18
203 242 4 8
203 253 6 12
204 10 8 20
204 15 12 14
204 20 7 14
204 32 22 20
204 38 14 9
204 41 17 21
204 51 16 8
204 75 18 23
204 106 21 17
204 137 15 8
204 140 4 12
204 144 13 19
204 183 20 22
204 209 5 7
204 229 6 13
204 230 19 13
204 238 11 5
204 239 23 18
204 248 9 4
204 254 10 6
205 23 13 16
205 62 7 4
205 67 18 12
205 70 19 21
205 97 21 18
205 104 4 8
205 105 22 19
205 115 11 4
205 116 23 18
205 120 8 5
205 126 6 9
205 128 9 17
205 149 20 22
205 153 12 17
205 156 5 11
205 172 16 7
205 174 15 22
205 214 10 14
205 220 14 11
205 228 17 8
206 8 22 14
206 26 19 23
206 51 23 17
206 70 16 23
206 79 7 6
206 85 9 6
206 87 14 7
206 121 10 15
206 126 17 8
206 142 13 19
206 149 15 21
206 159 8 5
206 163 21 18
206 168 20 12
206 179 5 12
206 191 11 17
206 226 18 8
206 234 4 12
206 262 12 19
206 270 6 9
207 9 15 10
207 10 17 21
207 20 22 18
207 24 4 9
207 58 8 5
207 95 11 19
207 131 6 7
207 133 16 21
207 172 21 15
207 200 20 12
207 203 18 23
207 213 9 15
207 216 13 16
207 220 10 6
207 222 12 16
207 225 19 10
207 235 14 7
207 243 23 16
207 267 7 5
207 280 5 7
208 9 16 9
208 16 23 16
208 18 9 18
208 51 20 23
208 61 19 13
208 76 5 12
208 108 6 9
208 112 15 22
208 118 22 17
208 122 8 4
208 126 7 16
208 130 21 15
208 169 14 12
208 187 11 6
208 189 13 5
208 218 18 8
208 225 12 16
208 230 17 23
208 256 10 16
208 281 4 12
209 8 14 13
209 36 11 5
209 39 18 11
209 44 4 9
209 68 8 4
209 76 6 7
209 80 20 21
209 86 13 15
209 104 19 7
209 152 17 9
209 170 21 15
209 171 12 20
209 189 22 14
209 204 7 5
209 237 5 10
209 243 10 18
209 247 16 23
209 256 23 18
209 258 15 23
209 287 9 15
210 28 17 23
210 29 12 6
210 39 8 16
210 46 22 17
210 51 19 22
210 53 13 5
210 59 15 13
210 65 4 8
210 85 23 16
210 92 10 5
210 112 21 15
210 113 5 8
210 133 16 8
210 143 11 14
210 178 14 11
210 195 18 9
210 214 20 23
210 230 6 10
210 266 7 18
210 270 9 15
211 3 10 20
211 34 15 22
211 36 17 21
211 117 12 19
211 120 5 11
211 121 9 16
211 132 21 15
211 159 11 19
211 186 18 22
211 212 6 13
211 217 20 13
211 232 13 4
211 233 8 6
211 236 7 4
211 238 14 8
211 243 22 14
211 249 16 10
211 270 23 18
211 272 4 7
211 275 19 8
212 18 5 9
212 27 19 23
212 29 7 19
212 33 21 18
212 81 16 11
212 84 4 13
212 114 9 5
212 117 22 15
212 145 23 17
212 164 20 21
212 168 10 15
212 173 17 21
212 189 12 4
212 211 13 6
212 216 14 9
212 226 15 13
212 245 6 12
212 251 18 11
212 283 11 17
212 286 8 18
213 2 16 7
213 18 21 19
213 30 11 17
213 33 6 9
213 50 18 8
213 53 13 20
213 65 17 21
213 96 9 6
213 98 12 18
213 101 20 11
213 106 10 4
213 114 23 18
213 122 22 18
213 150 4 12
213 152 7 6
213 170 8 19
213 207 15 9
213 214 19 21
213 226 14 21
213 265 5 12
214 31 11 16
214 46 22 14
214 55 16 21
214 76 13 15
214 79 7 5
214 92 4 12
214 104 17 11
214 122 5 8
214 126 6 13
214 128 9 4
214 152 19 23
214 171 12 16
214 176 10 6
214 205 14 10
214 210 23 20
214 213 21 19
214 218 15 9
214 224 20 22
214 225 8 15
214 272 18 10
215 15 5 7
215 56 15 23
215 65 17 9
215 71 16 9
215 76 18 23
215 82 9 15
215 95 20 11
215 116 14 22
215 159 6 8
215 163 23 15
215 182 22 16
215 200 19 10
215 202 4 13
215 219 11 6
215 226 21 16
215 240 7 14
215 253 13 17
215 263 10 5
215 264 8 5
215 280 12 14
216 8 14 12
216 44 12 6
216 50 10 20
216 62 5 7
216 69 4 11
216 76 15 10
216 81 6 10
216 82 23 19
216 85 21 20
216 105 11 16
216 113 7 6
216 145 18 9
216 148 19 22
216 184 13 4
216 191 17 23
216 207 16 13
216 212 9 14
216 217 8 14
216 230 22 19
216 233 20 22
217 15 16 10
217 19 18 8
217 27 10 5
217 39 6 13
217 68 15 21
217 73 23 14
217 74 9 4
217 80 21 14
217 109 11 5
217 114 7 16
217 140 12 15
217 147 5 7
217 151 22 19
217 175 8 16
217 200 20 9
217 211 13 20
217 216 14 8
217 218 19 23
217 266 4 9
217 271 17 23
218 4 16 21
218 15 13 5
218 19 20 23
218 42 14 10
218 51 5 11
218 64 17 13
218 74 18 12
218 79 15 7
218 100 6 12
218 132 10 14
218 141 22 14
218 164 12 5
218 189 7 20
218 192 11 4
218 195 21 17
218 208 8 18
218 214 9 15
218 217 23 19
218 243 19 22
218 264 4 12
219 13 18 7
219 15 15 12
219 18 20 22
219 23 8 18
219 48 10 19
219 53 17 23
219 69 4 13
219 70 16 11
219 72 21 16
219 78 9 4
219 79 22 15
219 82 23 14
219 122 5 10
219 152 14 22
219 154 12 17
219 156 19 9
219 177 11 6
219 199 13 6
219 215 6 11
219 273 7 17
220 5 5 7
220 17 19 23
220 28 9 6
220 39 12 5
220 62 16 10
220 71 7 16
220 86 17 8
220 120 20 13
220 135 4 13
220 151 8 16
220 170 15 23
220 177 14 13
220 186 13 14
220 198 18 21
220 205 11 14
220 207 6 10
220 241 22 15
220 245 23 15
220 258 10 5
220 272 21 14
221 3 15 12
221 55 6 12
221 70 4 13
221 76 8 17
221 93 7 6
221 97 9 20
221 136 17 23
221 142 20 7
221 156 11 16
221 160 14 21
221 169 16 22
221 171 22 14
221 172 13 6
221 175 21 15
221 188 10 20
221 235 19 9
221 259 18 8
221 270 5 8
221 276 12 4
221 280 23 18
222 38 20 23
222 56 18 21
222 76 9 19
222 97 10 19
222 103 5 13
222 122 15 7
222 154 8 5
222 163 11 4
222 170 4 7
222 173 21 15
222 179 22 17
222 191 6 11
222 207 16 12
222 226 19 10
222 241 23 14
222 261 13 4
222 262 7 17
222 265 17 10
222 275 12 17
222 276 14 23
223 5 6 12
223 9 22 19
223 46 20 22
223 50 13 6
223 60 9 18
223 61 23 20
223 80 17 13
223 127 12 20
223 133 8 6
223 151 18 8
223 153 7 5
223 165 4 11
223 192 5 9
223 200 14 21
223 246 21 18
223 251 16 22
223 262 11 14
223 270 15 11
223 280 10 17
223 281 19 10
224 0 15 8
224 5 17 9
224 31 20 8
224 38 5 13
224 80 11 19
224 85 6 13
224 89 16 23
224 111 8 5
224 129 21 20
224 141 7 4
224 214 22 20
224 230 9 20
224 232 13 17
224 242 23 18
224 255 14 22
224 257 18 12
224 258 19 21
224 261 10 17
224 270 12 4
224 274 4 7
225 21 4 11
225 23 20 11
225 37 14 8
225 77 22 17
225 82 12 5
225 86 13 18
225 90 21 19
225 102 8 6
225 138 7 5
225 144 6 9
225 158 5 8
225 172 9 20
225 175 23 18
225 183 19 23
225 207 10 19
225 208 16 12
225 214 15 8
225 245 17 21
225 268 18 22
225 274 11 19
226 32 17 9
226 43 6 7
226 51 23 20
226 108 9 6
226 113 14 23
226 119 11 14
226 129 22 19
226 130 18 23
226 138 15 11
226 158 4 9
226 167 12 5
226 196 7 6
226 206 8 18
226 212 13 15
226 213 21 14
226 215 16 21
226 222 10 19
226 250 19 13
226 254 20 12
226 282 5 13
227 12 10 15
227 25 11 14
227 37 13 5
227 67 20 11
227 100 7 6
227 106 14 7
227 113 16 21
227 116 19 21
227 118 15 10
227 135 4 12
227 149 9 4
227 152 22 20
227 157 5 8
227 170 12 18
227 172 18 21
227 176 17 13
227 188 6 9
227 237 21 14
227 270 23 20
227 278 8 20
228 3 19 22
228 4 4 9
228 5 5 11
228 8 10 19
228 31 16 11
228 35 17 23
228 53 6 7
228 56 13 20
228 80 14 8
228 84 23 14
228 91 18 12
228 98 7 15
228 101 20 13
228 119 22 15
228 130 21 14
228 205 8 17
228 239 15 22
228 270 9 5
228 285 12 5
228 286 11 5
229 20 23 16
229 31 9 14
229 33 12 14
229 35 14 7
229 37 16 21
229 42 17 23
229 107 10 14
229 118 11 20
229 133 6 12
229 137 21 19
229 148 7 4
229 182 8 6
229 187 19 23
229 188 15 7
229 204 13 6
229 231 4 12
229 233 22 20
229 237 5 11
229 278 18 7
229 281 20 13
230 79 6 9
230 88 11 16
230 89 17 21
230 117 18 7
230 132 8 6
230 135 7 16
230 139 5 12
230 146 4 8
230 147 14 12
230 160 21 18
230 173 22 17
230 185 9 6
230 192 16 21
230 201 15 9
230 204 13 19
230 208 23 17
230 210 10 6
230 216 19 22
230 224 20 9
230 282 12 18
231 7 4 9
231 38 15 8
231 40 6 12
231 47 17 22
231 49 7 14
231 50 19 23
231 65 22 17
231 85 11 19
231 107 23 15
231 109 8 19
231 111 21 17
231 144 20 11
231 164 5 13
231 168 10 19
231 169 16 23
231 170 14 11
231 173 18 8
231 198 9 5
231 229 12 4
231 263 13 6
232 17 5 7
232 27 8 18
232 35 6 8
232 56 12 14
232 99 23 19
232 104 11 6
232 131 9 4
232 142 13 17
232 144 21 17
232 158 22 18
232 184 7 6
232 211 4 13
232 224 17 13
232 257 18 21
232 263 10 15
232 264 15 11
232 274 20 9
232 277 14 21
232 281 19 11
232 285 16 22
233 18 10 17
233 37 4 7
233 44 23 15
233 66 17 8
233 67 16 9
233 69 5 7
233 79 12 14
233 92 9 6
233 95 8 14
233 101 13 4
233 109 15 10
233 112 11 5
233 113 19 9
233 145 21 14
233 185 18 21
233 187 7 15
233 211 6 8
233 216 22 20
233 229 20 22
233 238 14 23
234 21 11 16
234 22 17 22
234 36 8 19
234 53 9 16
234 58 7 14
234 61 6 8
234 64 15 21
234 77 13 6
234 90 18 13
234 92 22 14
234 116 4 8
234 120 16 9
234 125 20 12
234 172 14 11
234 186 21 20
234 187 10 4
234 190 23 16
234 206 12 4
234 250 19 21
234 251 5 13
235 23 23 19
235 46 20 23
235 54 15 9
235 71 11 18
235 75 14 10
235 114 13 15
235 127 16 8
235 132 8 4
235 139 19 9
235 140 5 11
235 151 22 20
235 153 21 20
235 187 4 7
235 192 17 23
235 193 10 6
235 202 6 8
235 207 7 14
235 221 9 19
235 257 12 4
235 286 18 21
236 8 11 16
236 9 14 22
236 21 15 9
236 22 12 5
236 23 13 20
236 24 6 11
236 33 9 20
236 38 10 14
236 47 21 15
236 80 20 12
236 90 19 22
236 135 23 17
236 155 17 21
236 165 7 4
236 166 8 5
236 170 5 9
236 176 22 20
236 180 16 7
236 211 4 7
236 241 18 12
237 4 6 13
237 27 15 10
237 29 13 20
237 67 12 15
237 91 20 8
237 94 18 13
237 98 5 7
237 100 4 11
237 107 17 7
237 121 19 21
237 142 8 14
237 148 21 16
237 153 9 4
237 168 16 23
237 197 23 15
237 209 10 5
237 227 14 21
237 229 11 5
237 252 22 18
237 261 7 20
238 11 4 13
238 18 20 11
238 56 6 8
238 79 9 16
238 111 19 11
238 127 14 23
238 141 16 23
238 149 21 17
238 167 10 19
238 204 5 11
238 211 8 14
238 233 23 14
238 241 13 4
238 242 7 19
238 246 12 4
238 251 11 6
238 253 18 13
238 264 22 16
238 265 17 11
238 286 15 22
239 6 13 16
239 19 21 16
239 21 4 7
239 22 7 6
239 27 23 20
239 56 8 4
239 74 10 6
239 93 17 22
239 102 5 12
239 131 11 14
239 157 15 11
239 178 16 23
239 204 18 23
239 228 22 15
239 258 12 16
239 261 6 11
239 267 9 14
239 271 19 9
239 283 14 7
239 284 20 13
240 4 13 16
240 5 15 10
240 19 12 20
240 38 8 18
240 44 4 11
240 61 6 11
240 76 16 21
240 93 19 23
240 95 11 6
240 97 9 4
240 105 10 18
240 115 18 21
240 120 7 4
240 154 17 13
240 162 5 11
240 199 20 11
240 215 14 7
240 263 23 17
240 276 21 19
240 280 22 16
241 19 9 18
241 25 11 16
241 40 10 5
241 57 7 5
241 78 21 19
241 86 8 5
241 103 22 19
241 104 23 15
241 116 5 12
241 126 18 12
241 143 16 13
241 144 17 12
241 169 6 7
241 186 20 7
241 220 15 22
241 222 14 23
241 236 12 18
241 238 4 13
241 256 19 21
241 282 13 19
242 2 7 4
242 7 6 12
242 38 21 20
242 44 5 10
242 67 9 14
242 88 23 20
242 93 16 21
242 110 22 17
242 123 13 20
242 155 17 23
242 203 8 4
242 224 18 23
242 238 19 7
242 247 12 19
242 248 4 13
242 253 15 11
242 259 11 4
242 262 14 13
242 263 20 11
242 267 10 17
243 12 13 14
243 28 6 7
243 50 8 5
243 83 15 12
243 86 21 19
243 111 11 15
243 117 7 16
243 121 23 14
243 130 20 21
243 139 9 5
243 156 10 18
243 159 12 6
243 171 4 12
243 185 5 13
243 188 19 13
243 195 17 10
243 207 16 23
243 209 18 10
243 211 14 22
243 218 22 19
244 15 5 9
244 41 17 23
244 65 9 16
244 77 8 5
244 111 4 13
244 126 10 17
244 127 12 5
244 131 18 21
244 142 21 20
244 182 11 14
244 190 22 19
244 202 13 4
244 250 23 17
244 254 14 13
244 255 16 9
244 256 15 22
244 271 6 13
244 278 19 12
244 281 7 19
244 285 20 10
245 7 4 10
245 10 19 12
245 25 20 11
245 31 18 22
245 80 11 4
245 91 5 10
245 95 14 12
245 100 23 18
245 126 9 20
245 137 10 16
245 175 7 20
245 185 22 16
245 186 8 5
245 193 17 9
245 212 12 6
245 220 15 23
245 225 21 17
245 253 16 22
245 271 6 7
245 284 13 14
246 18 8 6
246 27 20 7
246 30 19 7
246 32 23 18
246 35 12 15
246 49 13 18
246 73 16 7
246 80 5 11
246 84 22 17
246 90 21 15
246 103 15 21
246 106 6 9
246 141 10 5
246 142 14 22
246 145 9 5
246 177 17 10
246 223 18 21
246 238 4 12
246 263 11 20
246 264 7 15
247 6 18 23
247 55 12 18
247 66 13 4
247 78 10 20
247 89 20 22
247 90 6 9
247 100 16 7
247 103 8 18
247 120 14 22
247 127 17 7
247 138 5 9
247 146 4 10
247 162 11 5
247 166 21 16
247 167 9 14
247 178 7 4
247 183 15 9
247 209 23 16
247 242 19 12
247 252 22 19
248 2 15 10
248 6 14 22
248 21 21 19
248 29 22 15
248 70 23 16
248 90 12 14
248 109 16 8
248 114 19 11
248 124 18 8
248 126 9 4
248 143 5 12
248 147 7 5
248 171 17 23
248 184 6 12
248 189 20 21
248 204 4 9
248 242 13 4
248 250 11 20
248 264 10 18
248 275 8 16
249 2 22 20
249 3 5 8
249 12 21 16
249 18 23 15
249 39 9 19
249 79 13 17
249 81 7 5
249 86 4 7
249 103 20 22
249 125 8 5
249 131 11 5
249 147 18 13
249 175 12 14
249 187 6 9
249 193 17 22
249 195 19 21
249 211 10 16
249 260 14 11
249 279 15 12
249 285 16 7
250 17 6 12
250 30 23 16
250 31 16 23
250 49 11 20
250 54 8 17
250 58 18 22
250 62 4 13
250 81 19 12
250 83 22 15
250 84 15 8
250 98 7 20
250 182 5 10
250 226 13 19
250 234 21 19
250 244 17 23
250 248 20 11
250 253 9 5
250 254 10 5
250 266 12 5
250 269 14 8
251 3 20 7
251 11 5 8
251 20 9 6
251 22 17 11
251 28 4 11
251 44 14 22
251 58 15 10
251 63 18 9
251 73 21 16
251 84 12 15
251 91 19 21
251 146 8 19
251 155 7 5
251 202 16 23
251 212 11 18
251 223 22 16
251 234 13 5
251 238 6 11
251 269 23 19
251 274 10 18
252 35 7 16
252 39 9 20
252 55 10 20
252 64 14 7
252 70 16 7
252 79 6 12
252 90 12 16
252 100 20 9
252 102 23 19
252 114 4 8
252 119 22 20
252 143 5 10
252 163 11 6
252 182 15 8
252 197 17 22
252 201 21 18
252 237 18 22
252 247 19 22
252 269 13 4
252 276 8 6
253 10 19 10
253 36 9 14
253 66 14 21
253 99 4 10
253 113 7 17
253 115 16 12
253 119 6 9
253 135 10 6
253 139 21 14
253 153 20 11
253 160 15 23
253 203 12 6
253 215 17 13
253 238 13 18
253 242 11 15
253 245 22 16
253 250 5 9
253 265 18 21
253 276 23 17
253 280 8 5
254 4 16 23
254 20 4 7
254 25 10 17
254 28 14 10
254 41 20 7
254 77 17 12
254 141 18 21
254 143 11 4
254 151 9 5
254 170 8 4
254 176 19 7
254 202 15 21
254 204 6 10
254 226 12 20
254 244 13 14
254 250 5 10
254 278 7 14
254 281 22 18
254 282 23 20
254 287 21 19
255 9 18 21
255 18 11 16
255 43 4 13
255 61 10 4
255 64 13 15
255 66 7 17
255 83 20 9
255 85 19 9
255 126 8 5
255 130 15 22
255 138 21 14
255 147 6 8
255 154 14 23
255 171 12 4
255 183 17 7
255 191 23 16
255 192 16 10
255 224 22 14
255 244 9 16
255 261 5 12
256 5 10 17
256 9 19 23
256 19 11 17
256 66 6 13
256 72 17 12
256 101 5 10
256 111 14 7
256 149 4 8
256 153 20 23
256 158 23 14
256 167 8 20
256 176 15 8
256 181 13 5
256 208 16 10
256 209 18 23
256 241 21 19
256 244 22 15
256 261 7 5
256 263 12 16
256 282 9 6
257 30 20 10
257 33 6 12
257 57 19 7
257 61 15 10
257 67 11 5
257 70 18 22
257 71 7 5
257 81 9 4
257 101 14 9
257 107 23 17
257 113 10 18
257 114 5 13
257 123 8 16
257 155 22 19
257 182 13 19
257 224 12 18
257 232 21 18
257 235 4 12
257 265 17 22
257 276 16 22
258 44 15 21
258 52 12 16
258 53 19 21
258 64 17 23
258 82 4 13
258 86 20 11
258 87 13 15
258 113 6 7
258 137 11 17
258 146 7 14
258 190 14 12
258 199 18 7
258 209 23 15
258 220 5 10
258 224 21 19
258 239 16 12
258 259 9 5
258 265 22 16
258 276 8 5
258 277 10 5
259 12 11 4
259 37 12 4
259 58 18 21
259 68 13 16
259 80 15 9
259 90 7 6
259 106 23 20
259 115 20 23
259 132 14 8
259 152 19 8
259 165 21 20
259 167 16 8
259 170 6 10
259 179 22 19
259 189 9 17
259 198 17 22
259 221 8 18
259 242 4 11
259 258 5 9
259 284 10 16
260 6 17 21
260 12 6 8
260 13 13 6
260 24 22 20
260 28 23 15
260 40 21 19
260 70 7 20
260 89 9 5
260 105 10 14
260 114 5 7
260 115 18 10
260 125 14 13
260 127 8 6
260 153 16 21
260 155 20 10
260 172 12 14
260 185 4 8
260 187 19 10
260 249 11 14
260 267 15 23
261 7 21 19
261 38 10 6
261 56 6 13
261 84 14 12
261 93 7 19
261 99 13 15
261 109 23 14
261 121 18 22
261 137 8 20
261 142 19 21
261 169 16 9
261 199 22 17
261 222 4 13
261 224 17 10
261 237 20 7
261 239 11 6
261 255 12 5
261 256 5 7
261 270 9 19
261 283 15 22
262 12 5 12
262 13 12 5
262 23 6 12
262 40 16 22
262 68 22 20
262 74 15 21
262 78 9 6
262 111 7 16
262 112 20 21
262 113 23 16
262 153 21 16
262 160 10 16
262 175 18 12
262 176 8 4
262 206 19 12
262 222 17 7
262 223 14 11
262 242 13 14
262 272 11 17
262 279 4 7
263 2 13 6
263 52 9 17
263 57 8 6
263 59 7 6
263 99 10 18
263 106 4 10
263 120 18 23
263 140 21 18
263 144 12 14
263 169 23 19
263 195 14 22
263 202 19 10
263 215 5 10
263 231 6 13
263 232 15 10
263 240 17 23
263 242 11 20
263 246 20 11
263 256 16 12
263 266 22 15
264 17 8 6
264 24 4 13
264 31 22 19
264 59 21 14
264 62 14 9
264 124 9 5
264 138 7 17
264 143 6 9
264 150 13 15
264 151 10 15
264 174 23 19
264 190 20 23
264 215 5 8
264 218 12 4
264 232 11 15
264 238 16 22
264 246 15 7
264 248 18 10
264 267 19 12
264 287 17 21
265 1 5 7
265 12 15 9
265 17 8 14
265 22 17 8
265 24 18 21
265 58 19 8
265 89 13 19
265 97 14 11
265 101 4 8
265 112 20 23
265 142 9 4
265 162 7 6
265 173 6 9
265 213 12 5
265 222 10 17
265 238 11 17
265 253 21 18
265 257 22 17
265 258 16 22
265 278 23 16
266 3 23 17
266 37 14 23
266 45 22 15
266 60 12 19
266 73 10 4
266 82 16 12
266 84 11 18
266 97 4 10
266 124 7 15
266 146 19 13
266 147 8 6
266 149 21 16
266 160 13 15
266 167 6 10
266 184 20 7
266 210 18 7
266 217 9 4
266 250 5 12
266 263 15 22
266 283 17 21
267 36 4 7
267 54 22 15
267 80 21 20
267 92 10 4
267 98 16 12
267 99 7 20
267 116 8 5
267 121 9 18
267 137 15 21
267 147 6 10
267 161 20 11
267 162 19 23
267 170 11 17
267 180 18 23
267 207 5 7
267 239 14 9
267 242 17 10
267 260 23 15
267 264 12 19
267 269 13 5
268 4 4 10
268 5 11 18
268 16 18 9
268 23 19 22
268 30 23 20
268 37 6 11
268 46 14 8
268 49 10 6
268 50 15 22
268 78 17 7
268 81 16 13
268 101 8 19
268 102 13 5
268 107 5 11
268 109 12 6
268 141 21 18
268 143 20 23
268 225 22 18
268 270 9 17
268 286 7 14
269 16 17 21
269 18 22 20
269 20 9 5
269 79 15 10
269 84 13 16
269 90 16 21
269 98 20 10
269 107 6 10
269 112 18 9
269 126 12 6
269 144 23 16
269 152 14 10
269 157 21 15
269 170 11 5
269 173 10 14
269 179 7 14
269 250 8 14
269 251 19 23
269 252 4 13
269 267 5 13
270 17 7 19
270 29 13 14
270 38 6 12
270 91 16 22
270 105 10 15
270 109 12 4
270 117 22 20
270 138 23 19
270 146 14 7
270 156 21 19
270 206 9 6
270 210 15 9
270 211 18 23
270 221 8 5
270 223 11 15
270 224 4 12
270 227 20 23
270 228 5 9
270 261 19 9
270 268 17 9
271 17 19 11
271 23 5 7
271 39 16 8
271 40 17 21
271 47 15 11
271 54 22 19
271 55 14 11
271 61 11 15
271 150 8 16
271 153 4 8
271 157 21 18
271 165 6 8
271 179 10 15
271 194 18 21
271 195 12 6
271 217 23 17
271 239 9 19
271 244 13 6
271 245 7 6
271 276 20 21
272 19 21 14
272 32 18 21
272 38 5 10
272 41 16 8
272 76 15 22
272 102 6 10
272 113 8 20
272 124 9 4
272 157 4 9
272 192 12 17
272 201 13 5
272 211 7 4
272 214 10 18
272 220 14 21
272 262 17 11
272 273 23 14
272 277 22 18
272 285 19 11
272 286 11 19
272 287 20 8
273 2 23 15
273 3 5 9
273 14 16 23
273 36 13 16
273 44 22 17
273 66 6 7
273 67 21 16
273 89 10 17
273 103 19 12
273 122 7 20
273 123 4 9
273 136 18 21
273 146 20 9
273 148 15 10
273 182 12 5
273 183 8 6
273 188 9 5
273 191 11 18
273 219 17 7
273 272 14 23
274 23 17 23
274 30 8 6
274 58 20 11
274 62 23 16
274 69 21 18
274 78 22 15
274 85 16 12
274 88 12 4
274 99 4 12
274 120 10 17
274 123 6 13
274 170 13 16
274 174 11 14
274 178 5 8
274 224 7 4
274 225 19 11
274 232 9 20
274 251 18 10
274 279 15 22
274 287 14 23
275 8 13 4
275 16 15 22
275 18 10 14
275 25 9 5
275 42 7 15
275 53 18 8
275 81 5 7
275 85 11 14
275 106 12 6
275 115 21 17
275 117 4 13
275 137 20 10
275 143 23 19
275 165 19 22
275 178 6 7
275 192 22 14
275 198 14 23
275 211 8 19
275 222 17 12
275 248 16 8
276 26 8 5
276 48 10 5
276 54 13 20
276 76 11 6
276 137 16 22
276 144 15 10
276 154 9 16
276 172 12 19
276 173 7 20
276 190 20 13
276 221 4 12
276 222 23 14
276 240 19 21
276 252 6 8
276 253 17 23
276 257 22 16
276 258 5 8
276 271 21 20
276 280 18 12
276 281 14 8
277 14 19 22
277 37 23 19
277 40 22 17
277 55 11 19
277 63 15 13
277 75 17 9
277 86 7 4
277 108 16 10
277 111 9 18
277 132 14 21
277 135 8 5
277 154 13 19
277 193 4 12
277 194 10 5
277 200 20 13
277 201 12 16
277 232 21 14
277 258 5 10
277 272 18 22
277 280 6 10
278 4 11 6
278 36 19 8
278 43 13 6
278 54 8 16
278 57 21 18
278 64 22 16
278 82 18 8
278 85 9 5
278 100 4 13
278 117 23 14
278 138 10 18
278 143 17 21
278 149 6 12
278 188 5 10
278 227 20 8
278 229 7 18
278 244 12 19
278 254 14 7
278 265 16 23
278 280 15 22
279 10 5 9
279 16 15 11
279 21 13 6
279 22 18 10
279 32 20 22
279 39 6 7
279 42 9 19
279 47 21 17
279 49 19 13
279 67 16 21
279 116 23 15
279 188 14 8
279 190 17 21
279 191 11 15
279 196 4 13
279 201 8 15
279 249 12 15
279 262 7 4
279 274 22 15
279 281 10 6
280 33 20 10
280 67 11 17
280 89 9 18
280 100 23 14
280 122 8 16
280 144 6 7
280 157 4 12
280 165 15 21
280 171 19 11
280 175 13 6
280 196 21 18
280 207 7 5
280 215 14 12
280 221 18 23
280 223 17 10
280 240 16 22
280 253 5 8
280 276 12 18
280 277 10 6
280 278 22 15
281 11 21 19
281 24 17 23
281 44 9 4
281 60 16 9
281 66 22 15
281 67 15 22
281 84 20 10
281 136 23 15
281 149 14 11
281 178 4 10
281 179 5 13
281 202 7 5
281 208 12 4
281 223 10 19
281 229 13 20
281 232 11 19
281 244 19 7
281 254 18 22
281 276 8 14
281 279 6 10
282 4 17 8
282 10 5 13
282 17 7 16
282 54 21 18
282 85 9 17
282 87 10 19
282 98 12 4
282 119 8 4
282 120 11 18
282 124 4 12
282 128 15 11
282 147 23 14
282 170 16 22
282 184 14 21
282 188 22 15
282 226 13 5
282 230 18 12
282 241 19 13
282 254 20 23
282 256 6 9
283 9 10 6
283 15 4 8
283 50 16 21
283 51 15 10
283 56 18 7
283 59 13 5
283 61 9 14
283 62 8 19
283 63 12 6
283 68 23 17
283 74 14 22
283 91 5 9
283 101 11 18
283 113 19 13
283 117 6 10
283 170 20 21
283 212 17 11
283 239 7 14
283 261 22 15
283 266 21 17
284 10 5 8
284 13 18 23
284 29 11 4
284 31 22 20
284 35 23 18
284 61 12 18
284 115 21 20
284 117 15 11
284 123 6 10
284 124 17 13
284 133 19 22
284 138 20 23
284 167 4 7
284 174 8 18
284 179 10 20
284 194 9 4
284 202 7 6
284 239 13 20
284 245 14 13
284 259 16 10
285 5 20 8
285 16 16 23
285 26 14 9
285 30 15 11
285 35 17 22
285 44 18 8
285 90 9 4
285 99 12 5
285 132 19 23
285 138 4 10
285 143 13 6
285 150 21 20
285 167 6 9
285 182 23 17
285 185 8 18
285 228 5 12
285 232 22 16
285 244 10 20
285 249 7 16
285 272 11 19
286 13 20 22
286 30 4 13
286 35 17 21
286 101 16 12
286 102 23 20
286 109 7 15
286 124 6 11
286 132 11 17
286 143 10 5
286 153 12 6
286 179 8 18
286 184 15 23
286 185 9 14
286 201 13 4
286 212 18 8
286 228 5 11
286 235 21 18
286 238 22 15
286 268 14 7
286 272 19 11
287 13 20 21
287 30 6 12
287 77 17 7
287 78 16 8
287 109 9 20
287 121 18 13
287 124 4 10
287 132 7 18
287 133 14 23
287 149 12 5
287 152 22 16
287 156 10 5
287 185 11 20
287 188 5 12
287 201 13 6
287 209 15 9
287 254 19 21
287 264 21 17
287 272 8 20
287 274 23 14
