8 144 3456 1152
4 4 8 8 4
0 3 25 12
0 18 31 25
0 31 22 15
0 34 11 14
0 57 16 25
0 59 20 30
0 69 27 16
0 73 12 21
0 74 21 29
0 82 10 18
0 84 23 30
0 90 28 27
0 96 8 15
0 107 24 12
0 108 19 21
0 113 30 22
0 116 17 23
0 118 9 15
0 122 26 30
0 129 29 20
0 132 13 8
0 133 18 11
0 136 14 10
0 143 15 9
1 5 26 15
1 9 9 13
1 18 23 19
1 20 8 19
1 25 13 21
1 29 14 10
1 31 12 22
1 35 18 22
1 36 22 18
1 49 19 8
1 50 10 18
1 53 11 12
1 54 25 30
1 55 15 25
1 60 31 21
1 61 21 15
1 82 17 10
1 89 30 25
1 92 16 10
1 100 28 26
1 106 27 29
1 111 20 30
1 113 29 20
1 130 24 31
2 5 24 30
2 7 13 21
2 22 17 23
2 24 31 24
2 28 10 18
2 30 9 15
2 33 25 31
2 58 21 30
2 59 12 26
2 66 20 29
2 73 30 25
2 75 23 13
2 86 29 20
2 97 14 27
2 98 11 14
2 118 8 18
2 122 19 8
2 130 16 11
2 132 15 10
2 135 18 10
2 136 28 23
2 140 22 13
2 142 27 15
2 143 26 18
3 0 12 25
3 7 13 10
3 15 16 9
3 23 11 14
3 38 18 11
3 45 9 19
3 58 20 14
3 62 27 29
3 63 23 30
3 64 19 22
3 77 21 14
3 78 14 10
3 83 24 31
3 91 26 19
3 95 8 12
3 101 30 27
3 106 22 31
3 119 17 25
3 121 28 24
3 125 31 22
3 126 15 22
3 134 10 16
3 137 29 24
3 139 25 17
4 15 31 25
4 26 9 18
4 45 14 23
4 49 18 9
4 52 26 31
4 74 27 16
4 78 24 30
4 79 19 22
4 86 21 31
4 88 28 24
4 94 10 18
4 97 8 14
4 100 13 25
4 103 15 11
4 104 20 28
4 117 29 25
4 118 25 14
4 122 30 27
4 126 11 16
4 127 17 10
4 133 22 16
4 136 23 12
4 138 16 24
4 142 12 11
5 1 15 26
5 2 30 24
5 6 21 19
5 12 22 30
5 40 28 27
5 74 16 25
5 76 29 21
5 82 24 30
5 84 14 10
5 91 18 22
5 94 17 11
5 104 10 12
5 105 13 11
5 106 31 22
5 108 19 9
5 112 23 15
5 115 12 27
5 117 8 14
5 119 27 28
5 120 11 13
5 122 26 14
5 125 20 13
5 132 9 18
5 142 25 29
6 5 19 21
6 13 8 14
6 15 9 16
6 19 10 12
6 21 16 11
6 33 24 29
6 35 15 11
6 36 26 30
6 38 30 20
6 39 14 26
6 47 17 26
6 50 31 23
6 52 20 16
6 67 13 9
6 76 22 31
6 77 12 11
6 80 21 14
6 83 11 18
6 111 23 31
6 116 28 24
6 117 27 19
6 126 18 20
6 130 25 19
6 134 29 21
7 2 21 13
7 3 10 13
7 10 11 17
7 13 14 27
7 24 15 9
7 25 8 15
7 27 27 29
7 38 18 21
7 39 13 8
7 43 24 28
7 47 29 22
7 64 20 16
7 66 19 10
7 81 23 29
7 85 26 18
7 88 22 28
7 94 25 15
7 96 9 13
7 98 12 9
7 125 17 26
7 126 31 24
7 127 16 24
7 128 30 24
7 134 28 26
8 10 23 31
8 13 10 18
8 20 19 8
8 24 18 11
8 27 15 20
8 32 13 9
8 44 28 22
8 52 14 23
8 54 29 24
8 56 17 23
8 82 20 19
8 84 12 27
8 86 27 30
8 88 30 25
8 101 16 8
8 102 25 12
8 108 24 12
8 110 31 25
8 113 21 17
8 118 9 12
8 121 11 14
8 129 22 29
8 132 8 13
8 141 26 29
9 1 13 9
9 10 12 10
9 11 31 25
9 20 30 22
9 34 18 8
9 36 14 21
9 39 10 16
9 40 19 25
9 45 11 18
9 49 21 12
9 59 16 11
9 75 22 31
9 79 20 30
9 85 29 24
9 92 17 27
9 96 28 24
9 97 25 17
9 98 8 17
9 108 15 23
9 118 27 30
9 124 26 13
9 125 9 17
9 128 23 17
9 133 24 31
10 7 17 11
10 8 31 23
10 9 10 12
10 15 9 17
10 17 29 21
10 19 22 30
10 22 24 28
10 32 21 16
10 43 8 19
10 44 16 8
10 48 12 20
10 50 23 29
10 52 28 20
10 65 27 30
10 68 15 10
10 76 25 17
10 78 14 21
10 88 11 15
10 95 26 14
10 104 19 10
10 110 30 23
10 120 18 25
10 122 20 17
10 139 13 27
11 9 25 31
11 16 22 14
11 19 16 8
11 23 20 30
11 34 26 19
11 36 10 15
11 48 14 23
11 49 19 22
11 54 17 23
11 62 23 28
11 67 13 10
11 68 11 17
11 76 24 19
11 87 12 11
11 90 9 19
11 93 27 30
11 97 30 21
11 119 21 15
11 122 15 9
11 125 18 21
11 132 8 12
11 138 31 20
11 139 28 20
11 141 29 24
12 5 30 22
12 13 20 29
12 15 28 23
12 16 25 15
12 34 16 10
12 37 13 11
12 39 19 10
12 42 9 17
12 44 10 16
12 48 12 21
12 54 14 25
12 58 15 9
12 62 31 20
12 65 11 19
12 68 29 20
12 96 8 14
12 100 21 30
12 103 27 16
12 104 22 19
12 113 18 23
12 116 23 31
12 119 24 14
12 134 26 29
12 137 17 20
13 6 14 8
13 7 27 14
13 8 18 10
13 12 29 20
13 18 19 9
13 22 13 27
13 25 23 18
13 32 28 24
13 37 16 8
13 56 20 29
13 63 11 12
13 68 21 31
13 82 15 21
13 84 30 20
13 86 25 29
13 90 12 20
13 101 22 15
13 109 17 21
13 115 8 16
13 116 31 26
13 117 24 29
13 118 10 13
13 127 26 12
13 135 9 18
14 26 20 12
14 47 9 17
14 50 17 24
14 53 28 24
14 54 10 16
14 55 30 23
14 57 19 8
14 61 29 27
14 63 25 31
14 70 13 26
14 74 22 30
14 84 8 14
14 91 15 9
14 95 26 29
14 100 14 8
14 107 24 31
14 118 16 23
14 120 18 9
14 127 21 18
14 128 11 18
14 130 23 17
14 131 12 27
14 134 27 12
14 143 31 20
15 3 9 16
15 4 25 31
15 6 16 9
15 10 17 9
15 12 23 28
15 25 11 17
15 35 26 30
15 39 21 29
15 46 27 19
15 48 15 24
15 57 8 15
15 58 12 24
15 66 19 11
15 73 30 24
15 80 24 19
15 88 22 12
15 89 18 24
15 93 10 19
15 95 20 16
15 107 14 10
15 115 28 22
15 121 31 23
15 123 29 20
15 136 13 25
16 11 14 22
16 12 15 25
16 35 22 28
16 41 27 14
16 46 18 8
16 48 20 19
16 51 28 24
16 59 23 31
16 62 8 16
16 66 21 30
16 70 24 17
16 72 9 12
16 76 25 29
16 81 30 25
16 86 26 16
16 88 13 22
16 91 11 12
16 97 31 26
16 102 29 20
16 113 12 8
16 126 10 13
16 134 17 11
16 135 16 25
16 141 19 11
17 10 21 29
17 18 26 28
17 32 17 20
17 39 28 20
17 47 29 21
17 61 11 17
17 64 12 11
17 65 30 25
17 68 20 19
17 69 24 28
17 75 13 9
17 76 14 26
17 85 31 22
17 86 23 12
17 90 8 16
17 101 15 23
17 107 18 22
17 109 25 16
17 110 22 14
17 111 27 29
17 120 16 10
17 121 19 11
17 134 9 13
17 143 10 13
18 0 25 31
18 1 19 23
18 13 9 19
18 17 28 26
18 33 27 18
18 37 17 27
18 46 20 31
18 50 23 17
18 52 24 18
18 55 21 31
18 56 31 27
18 61 12 8
18 71 29 21
18 75 30 20
18 85 16 27
18 87 18 8
18 88 11 18
18 106 22 13
18 108 13 24
18 114 14 8
18 115 15 8
18 121 8 12
18 132 10 17
18 133 26 28
19 6 12 10
19 10 30 22
19 11 8 16
19 28 28 21
19 29 19 8
19 30 21 29
19 31 18 27
19 39 29 23
19 47 25 31
19 72 16 22
19 73 10 16
19 84 9 12
19 90 13 10
19 94 14 10
19 95 17 25
19 100 31 23
19 105 15 23
19 117 22 30
19 122 11 12
19 126 20 12
19 127 26 17
19 128 24 28
19 138 23 12
19 140 27 18
20 1 19 8
20 8 8 19
20 9 22 30
20 27 25 17
20 36 14 25
20 42 9 12
20 57 23 28
20 59 16 22
20 66 26 28
20 71 18 24
20 83 20 12
20 85 15 20
20 89 27 14
20 90 21 28
20 101 12 11
20 115 10 13
20 122 17 11
20 124 13 9
20 128 24 15
20 131 29 20
20 137 31 25
20 139 28 23
20 141 11 13
20 142 30 25
21 6 11 16
21 28 22 16
21 30 31 25
21 36 27 19
21 39 13 11
21 41 14 11
21 42 23 31
21 43 18 10
21 55 8 19
21 56 24 31
21 59 19 21
21 64 10 15
21 70 29 25
21 81 20 12
21 84 12 21
21 85 17 10
21 90 30 21
21 93 25 29
21 105 26 29
21 106 21 18
21 109 9 14
21 110 16 20
21 114 15 22
21 125 28 23
22 2 23 17
22 10 28 24
22 13 27 13
22 23 19 23
22 27 24 12
22 29 14 23
22 46 18 25
22 51 29 26
22 56 26 13
22 66 22 31
22 67 31 25
22 76 30 23
22 88 9 14
22 90 10 15
22 96 8 12
22 97 21 28
22 122 16 25
22 123 17 8
22 130 11 15
22 131 13 11
22 132 20 30
22 133 25 29
22 139 15 11
22 140 12 8
23 3 14 11
23 11 30 20
23 22 23 19
23 25 10 16
23 26 11 15
23 33 8 17
23 39 20 31
23 49 19 27
23 54 9 19
23 56 26 18
23 61 24 16
23 62 27 30
23 70 15 11
23 71 16 23
23 79 22 14
23 82 29 26
23 84 17 25
23 110 12 10
23 125 18 10
23 127 13 25
23 132 31 27
23 133 21 30
23 134 25 28
23 138 28 23
24 2 24 31
24 7 9 15
24 8 11 18
24 31 16 9
24 38 14 27
24 44 31 21
24 50 18 8
24 51 29 23
24 54 21 31
24 65 17 8
24 68 26 28
24 70 15 10
24 78 13 27
24 87 30 20
24 103 8 15
24 107 28 25
24 119 23 29
24 122 20 19
24 124 10 15
24 129 25 12
24 132 27 16
24 135 12 24
24 139 22 16
24 141 19 22
25 1 21 13
25 7 15 8
25 13 18 23
25 15 17 11
25 23 16 10
25 31 26 30
25 41 13 10
25 43 10 12
25 52 24 29
25 56 30 25
25 57 14 27
25 60 27 12
25 64 19 24
25 75 25 14
25 82 12 25
25 85 31 23
25 86 20 15
25 90 22 31
25 98 9 12
25 104 29 25
25 108 11 19
25 109 8 15
25 111 28 21
25 126 23 31
26 4 18 9
26 14 12 20
26 23 15 11
26 50 24 31
26 52 10 13
26 54 16 27
26 58 29 27
26 61 14 11
26 68 25 18
26 72 13 26
26 82 26 31
26 107 17 23
26 108 22 28
26 109 19 11
26 113 27 18
26 118 23 31
26 128 9 13
26 130 28 20
26 131 11 16
26 132 21 14
26 135 30 26
26 138 31 21
26 139 20 18
26 142 8 13
27 7 29 27
27 8 20 15
27 20 17 25
27 22 12 24
27 28 25 12
27 33 28 22
27 34 24 29
27 39 23 17
27 41 11 16
27 45 15 9
27 61 21 12
27 62 9 12
27 66 14 9
27 71 10 18
27 76 31 22
27 96 30 23
27 99 16 8
27 100 27 31
27 104 22 29
27 115 8 14
27 121 19 20
27 124 13 26
27 127 18 9
27 141 26 30
28 2 18 10
28 19 21 28
28 21 16 22
28 27 12 25
28 31 8 14
28 37 27 14
28 39 29 22
28 40 10 19
28 44 11 14
28 49 28 25
28 50 13 9
28 57 14 9
28 59 15 25
28 74 24 31
28 75 9 17
28 86 30 27
28 97 23 29
28 98 31 20
28 99 20 12
28 105 25 31
28 111 26 14
28 114 17 27
28 116 22 14
28 125 19 9
29 1 10 14
29 19 8 19
29 22 23 14
29 33 17 9
29 40 28 26
29 47 15 25
29 55 19 24
29 56 22 28
29 63 25 18
29 67 30 21
29 68 31 23
29 83 9 19
29 85 12 21
29 94 20 31
29 101 27 17
29 102 24 16
29 105 14 26
29 108 21 31
29 110 13 11
29 113 26 30
29 114 18 11
29 125 16 11
29 129 29 22
29 137 11 18
30 2 15 9
30 19 29 21
30 21 25 31
30 32 16 21
30 35 17 24
30 40 22 12
30 51 12 8
30 55 14 11
30 56 13 10
30 59 11 17
30 62 21 13
30 65 9 13
30 66 31 24
30 78 28 24
30 80 18 20
30 88 30 26
30 89 24 17
30 91 23 29
30 95 27 18
30 103 10 12
30 108 19 27
30 115 8 15
30 128 20 31
30 136 26 31
31 0 15 22
31 1 22 12
31 19 27 18
31 24 9 16
31 25 30 26
31 28 14 8
31 42 19 10
31 48 29 22
31 54 13 22
31 56 11 19
31 66 31 22
31 69 28 24
31 72 20 15
31 85 24 30
31 88 16 8
31 92 26 28
31 94 8 12
31 97 12 20
31 98 25 19
31 118 23 28
31 119 18 11
31 120 10 14
31 137 21 28
31 139 17 26
32 8 9 13
32 10 16 21
32 13 24 28
32 17 20 17
32 30 21 16
32 39 25 18
32 40 22 29
32 42 26 29
32 57 23 30
32 66 27 15
32 71 13 10
32 72 31 21
32 75 28 27
32 77 15 22
32 88 17 10
32 93 12 9
32 97 30 24
32 98 29 27
32 100 14 10
32 101 10 19
32 114 11 13
32 117 18 21
32 124 8 18
32 126 19 21
33 2 31 25
33 6 29 24
33 18 18 27
33 23 17 8
33 27 22 28
33 29 9 17
33 34 16 11
33 41 23 12
33 46 15 10
33 49 19 26
33 53 27 29
33 60 21 13
33 69 10 17
33 73 13 9
33 76 11 14
33 77 26 16
33 83 8 15
33 101 12 24
33 103 25 18
33 106 28 23
33 118 30 27
33 124 20 31
33 139 24 28
33 142 14 20
34 0 14 11
34 9 8 18
34 11 19 26
34 12 10 16
34 27 29 24
34 33 11 16
34 42 27 15
34 48 24 28
34 57 30 23
34 59 31 20
34 67 13 11
34 74 18 11
34 75 25 29
34 79 16 26
34 80 28 26
34 83 17 11
34 87 9 15
34 100 15 24
34 116 21 18
34 118 26 17
34 121 20 28
34 126 22 18
34 136 12 27
34 141 23 31
35 1 22 18
35 6 11 15
35 15 30 26
35 16 28 22
35 30 24 17
35 38 18 8
35 39 26 12
35 43 29 21
35 45 31 25
35 53 14 20
35 55 27 17
35 65 21 28
35 68 12 9
35 69 15 20
35 74 19 8
35 75 23 30
35 80 25 28
35 99 10 17
35 105 20 28
35 111 8 16
35 121 16 8
35 132 17 26
35 133 9 14
35 134 13 24
36 1 18 22
36 6 30 26
36 9 21 14
36 11 15 10
36 20 25 14
36 21 19 27
36 42 8 14
36 48 26 31
36 52 13 22
36 53 14 10
36 56 9 15
36 57 10 19
36 72 27 31
36 84 24 19
36 92 23 18
36 101 22 31
36 102 12 21
36 106 28 26
36 108 17 8
36 111 20 28
36 116 31 21
36 117 29 27
36 134 16 9
36 142 11 14
37 12 11 13
37 13 8 16
37 18 27 17
37 28 14 27
37 41 23 29
37 51 13 27
37 52 24 28
37 55 12 20
37 58 25 15
37 69 10 19
37 85 22 31
37 89 21 29
37 97 26 19
37 100 20 18
37 103 28 23
37 111 19 10
37 112 18 8
37 114 29 20
37 126 31 25
37 127 9 15
37 130 17 10
37 133 30 25
37 136 15 11
37 141 16 21
38 3 11 18
38 6 20 30
38 7 21 18
38 24 27 14
38 35 8 18
38 48 9 12
38 50 24 28
38 55 13 22
38 60 28 26
38 71 12 8
38 80 31 24
38 87 10 13
38 91 15 10
38 94 23 14
38 96 17 25
38 105 18 21
38 106 19 21
38 108 22 29
38 113 14 9
38 114 16 9
38 121 26 16
38 131 25 31
38 136 30 24
38 138 29 25
39 6 26 14
39 7 8 13
39 9 16 10
39 12 10 19
39 15 29 21
39 17 20 28
39 19 23 29
39 21 11 13
39 23 31 20
39 27 17 23
39 28 22 29
39 32 18 25
39 35 12 26
39 46 21 17
39 62 15 10
39 63 13 11
39 95 30 27
39 96 24 17
39 97 28 25
39 98 14 11
39 103 9 19
39 104 19 20
39 119 27 31
39 120 25 17
40 5 27 28
40 9 25 19
40 28 19 10
40 29 26 28
40 30 12 22
40 32 29 22
40 41 31 26
40 42 30 22
40 50 11 13
40 54 21 17
40 65 28 22
40 68 22 29
40 69 15 22
40 81 13 8
40 86 18 9
40 91 14 24
40 99 17 9
40 119 8 16
40 121 24 30
40 127 10 16
40 130 9 18
40 132 23 19
40 138 20 16
40 143 16 27
41 16 14 27
41 21 11 14
41 25 10 13
41 27 16 11
41 33 12 23
41 37 29 23
41 40 26 31
41 45 21 15
41 46 25 30
41 48 22 18
41 53 24 15
41 54 27 29
41 58 28 22
41 66 23 12
41 72 31 20
41 87 20 31
41 102 17 22
41 104 8 17
41 105 9 14
41 115 13 11
41 124 30 27
41 134 15 23
41 137 18 10
41 138 19 8
42 12 17 9
42 20 12 9
42 21 31 23
42 31 10 19
42 32 29 26
42 34 15 27
42 36 14 8
42 40 22 30
42 53 25 31
42 65 13 24
42 75 24 28
42 77 28 23
42 82 16 20
42 84 9 16
42 85 8 15
42 86 23 28
42 98 11 13
42 108 21 14
42 115 19 9
42 119 18 21
42 120 26 16
42 125 27 14
42 130 30 27
42 142 20 16
43 7 28 24
43 10 19 8
43 21 10 18
43 25 12 10
43 35 21 29
43 52 27 12
43 64 30 26
43 72 20 30
43 74 13 26
43 77 24 29
43 95 11 13
43 100 25 17
43 103 8 13
43 109 15 10
43 111 14 27
43 112 26 29
43 114 16 26
43 121 17 9
43 131 9 14
43 132 18 22
43 135 29 23
43 137 23 19
43 140 31 23
43 143 22 19
44 8 22 28
44 10 8 16
44 12 16 10
44 24 21 31
44 28 14 11
44 47 20 28
44 51 15 22
44 53 17 11
44 57 13 22
44 60 19 11
44 65 28 20
44 67 27 12
44 77 26 15
44 79 31 25
44 82 30 27
44 86 29 26
44 90 24 17
44 92 10 17
44 100 9 16
44 105 12 25
44 115 23 29
44 117 11 18
44 120 25 19
44 130 18 22
45 3 19 9
45 4 23 14
45 9 18 11
45 27 9 15
45 35 25 31
45 41 15 21
45 48 22 17
45 51 14 10
45 55 29 27
45 58 31 21
45 59 12 10
45 60 8 19
45 64 27 29
45 66 26 13
45 71 11 19
45 73 21 28
45 76 10 13
45 79 24 12
45 93 28 23
45 94 16 22
45 96 30 27
45 110 17 24
45 127 20 30
45 135 13 21
46 15 19 27
46 16 8 18
46 18 31 20
46 22 25 18
46 33 10 15
46 39 17 21
46 41 30 25
46 65 12 11
46 73 13 20
46 80 18 22
46 81 20 19
46 85 23 19
46 94 28 25
46 103 24 29
46 107 29 24
46 111 26 15
46 116 22 28
46 120 27 28
46 132 14 11
46 133 9 12
46 135 15 8
46 137 11 14
46 139 16 8
46 143 21 31
47 6 26 17
47 7 22 29
47 14 17 9
47 17 21 29
47 19 31 25
47 29 25 15
47 44 28 20
47 52 16 24
47 57 13 26
47 66 11 17
47 74 14 22
47 76 12 10
47 79 19 11
47 85 8 16
47 91 24 30
47 96 23 16
47 98 15 8
47 99 29 26
47 103 20 28
47 104 18 26
47 109 27 18
47 112 30 27
47 126 9 15
47 128 10 19
48 10 20 12
48 11 23 14
48 12 21 12
48 15 24 15
48 16 19 20
48 31 22 29
48 34 28 24
48 36 31 26
48 38 12 9
48 41 18 22
48 45 17 22
48 51 14 25
48 56 29 24
48 73 8 15
48 93 11 14
48 95 16 8
48 99 30 22
48 106 10 14
48 117 27 31
48 118 15 8
48 119 9 17
48 122 26 31
48 126 13 10
48 141 25 28
49 1 8 19
49 4 9 18
49 9 12 21
49 11 22 19
49 23 27 19
49 28 25 28
49 33 26 19
49 56 21 17
49 57 11 13
49 64 10 12
49 71 19 25
49 77 13 8
49 87 31 23
49 93 24 28
49 97 14 10
49 101 30 22
49 104 18 27
49 108 16 10
49 114 23 30
49 118 17 22
49 128 20 30
49 132 29 21
49 135 15 11
49 141 28 25
50 1 18 10
50 6 23 31
50 10 29 23
50 14 24 17
50 18 17 23
50 24 8 18
50 26 31 24
50 28 9 13
50 38 28 24
50 40 13 11
50 51 20 29
50 53 30 22
50 68 15 26
50 76 27 28
50 77 10 17
50 82 25 13
50 83 19 25
50 103 16 9
50 118 22 29
50 119 11 18
50 121 26 18
50 123 14 11
50 124 12 25
50 130 21 14
51 16 24 28
51 22 26 29
51 24 23 29
51 30 8 12
51 37 27 13
51 44 22 15
51 45 10 14
51 48 25 14
51 50 29 20
51 55 9 14
51 76 18 8
51 77 11 12
51 80 16 25
51 83 15 23
51 87 31 22
51 89 13 9
51 94 28 23
51 102 17 8
51 106 21 17
51 113 14 27
51 117 30 23
51 119 12 10
51 131 19 26
51 132 20 29
52 4 31 26
52 6 16 20
52 8 23 14
52 10 20 28
52 18 18 24
52 25 29 24
52 26 13 10
52 36 22 13
52 37 28 24
52 43 12 27
52 47 24 16
52 75 30 21
52 79 25 28
52 81 15 9
52 85 10 17
52 99 26 14
52 104 9 13
52 117 19 10
52 119 27 30
52 127 8 14
52 128 17 11
52 132 21 31
52 136 14 21
52 143 11 17
53 1 12 11
53 14 24 28
53 33 29 27
53 35 20 14
53 36 10 14
53 41 15 24
53 42 31 25
53 44 11 17
53 50 22 30
53 54 28 26
53 62 30 24
53 66 19 23
53 72 9 13
53 90 16 26
53 95 18 9
53 109 14 8
53 113 25 28
53 118 13 11
53 124 17 20
53 128 26 29
53 133 8 15
53 135 23 13
53 139 21 19
53 143 27 14
54 1 30 25
54 8 24 29
54 11 23 17
54 12 25 14
54 14 16 10
54 23 19 9
54 24 31 21
54 26 27 16
54 31 22 13
54 40 17 21
54 41 29 27
54 53 26 28
54 55 15 10
54 68 20 30
54 69 12 10
54 72 8 16
54 76 28 27
54 86 11 19
54 92 13 23
54 101 21 28
54 118 18 21
54 122 10 18
54 130 9 12
54 138 14 27
55 1 25 15
55 14 23 30
55 18 31 21
55 21 19 8
55 29 24 19
55 30 11 14
55 35 17 27
55 37 20 12
55 38 22 13
55 45 27 29
55 51 14 9
55 54 10 15
55 57 21 29
55 62 9 14
55 68 28 21
55 80 18 11
55 86 15 22
55 87 29 25
55 89 16 21
55 93 13 11
55 94 12 27
55 118 30 20
55 134 26 30
55 139 8 13
56 8 23 17
56 13 29 20
56 18 27 31
56 21 31 24
56 22 13 26
56 23 18 26
56 25 25 30
56 29 28 22
56 30 10 13
56 31 19 11
56 36 15 9
56 48 24 29
56 49 17 21
56 78 30 23
56 84 21 13
56 92 26 31
56 97 11 13
56 104 22 15
56 117 9 13
56 124 14 8
56 126 16 11
56 138 8 15
56 142 20 12
56 143 12 22
57 0 25 16
57 14 8 19
57 15 15 8
57 20 28 23
57 25 27 14
57 28 9 14
57 32 30 23
57 34 23 30
57 36 19 10
57 44 22 13
57 47 26 13
57 49 13 11
57 55 29 21
57 58 17 20
57 63 31 25
57 64 18 21
57 70 16 27
57 78 21 29
57 93 12 8
57 112 11 19
57 120 14 22
57 123 10 18
57 138 24 31
57 143 20 30
58 2 30 21
58 3 14 20
58 12 9 15
58 15 24 12
58 26 27 29
58 37 15 25
58 41 22 28
58 45 21 31
58 57 20 17
58 59 11 12
58 60 28 20
58 71 16 27
58 73 25 17
58 74 23 15
58 78 8 15
58 91 10 14
58 92 18 9
58 94 13 21
58 96 19 11
58 98 31 22
58 99 29 21
58 114 12 10
58 117 26 28
58 123 17 10
59 0 30 20
59 2 26 12
59 9 11 16
59 16 31 23
59 20 22 16
59 21 21 19
59 28 25 15
59 30 17 11
59 34 20 31
59 45 10 12
59 58 12 11
59 69 28 26
59 86 16 8
59 87 15 24
59 89 29 20
59 97 14 23
59 104 23 30
59 106 18 11
59 107 24 28
59 110 27 28
59 131 8 19
59 134 9 17
59 138 19 26
59 143 13 23
60 1 21 31
60 25 12 27
60 33 13 21
60 38 26 28
60 44 11 19
60 45 19 8
60 58 20 28
60 61 27 19
60 62 10 19
60 64 17 8
60 77 18 24
60 79 25 31
60 91 14 8
60 99 8 15
60 101 15 10
60 102 16 27
60 105 22 13
60 107 9 16
60 112 31 23
60 114 23 17
60 121 30 22
60 126 29 26
60 141 24 15
60 143 28 25
61 1 15 21
61 14 27 29
61 17 17 11
61 18 8 12
61 23 16 24
61 26 11 14
61 27 12 21
61 60 19 27
61 63 29 20
61 65 21 12
61 71 20 29
61 72 13 11
61 74 25 28
61 76 9 18
61 79 14 10
61 85 22 14
61 89 18 11
61 95 28 20
61 97 24 30
61 127 31 26
61 133 10 19
61 137 30 26
61 141 23 17
61 142 26 19
62 3 29 27
62 11 28 23
62 12 20 31
62 16 16 8
62 23 30 27
62 27 12 9
62 30 13 21
62 39 10 15
62 53 24 30
62 55 14 9
62 60 19 10
62 64 8 13
62 68 17 22
62 71 31 22
62 82 23 16
62 83 21 16
62 88 18 21
62 91 26 16
62 115 27 31
62 116 25 17
62 120 9 12
62 123 22 29
62 127 11 19
62 128 15 22
63 3 30 23
63 13 12 11
63 14 31 25
63 29 18 25
63 39 11 13
63 57 25 31
63 61 20 29
63 80 17 27
63 81 28 24
63 91 15 20
63 92 29 20
63 100 8 12
63 102 14 10
63 108 19 11
63 113 24 29
63 115 26 28
63 120 16 21
63 126 9 14
63 127 21 13
63 133 23 17
63 134 27 19
63 136 22 14
63 138 10 13
63 139 13 9
64 3 22 19
64 7 16 20
64 17 11 12
64 21 15 10
64 25 24 19
64 43 26 30
64 45 29 27
64 49 12 10
64 57 21 18
64 60 8 17
64 62 13 8
64 75 18 8
64 78 17 20
64 86 9 17
64 91 30 23
64 95 28 24
64 97 23 31
64 110 19 21
64 112 27 14
64 122 25 29
64 129 31 24
64 137 14 27
64 140 20 28
64 143 10 12
65 10 30 27
65 12 19 11
65 17 25 30
65 24 8 17
65 30 13 9
65 35 28 21
65 40 22 28
65 42 24 13
65 44 20 28
65 46 11 12
65 61 12 21
65 67 31 22
65 71 29 26
65 81 10 13
65 83 21 17
65 93 26 13
65 94 15 24
65 95 9 19
65 105 27 19
65 106 17 10
65 120 16 11
65 126 23 30
65 136 18 26
65 139 14 24
66 2 29 20
66 7 10 19
66 15 11 19
66 16 30 21
66 20 28 26
66 22 31 22
66 27 9 14
66 30 24 31
66 31 22 31
66 32 15 27
66 41 12 23
66 45 13 26
66 47 17 11
66 53 23 19
66 81 14 11
66 84 18 11
66 96 16 10
66 102 20 15
66 104 21 31
66 106 19 25
66 109 26 30
66 119 8 12
66 123 27 12
66 129 25 14
67 6 9 13
67 11 10 13
67 22 25 31
67 29 21 30
67 34 11 13
67 44 12 27
67 65 22 31
67 73 17 27
67 90 20 30
67 93 23 12
67 94 24 17
67 96 15 21
67 101 27 13
67 102 31 26
67 104 16 11
67 110 19 9
67 112 28 22
67 113 26 16
67 114 18 24
67 117 8 12
67 123 29 21
67 124 30 23
67 131 14 9
67 136 13 8
68 10 10 15
68 11 17 11
68 12 20 29
68 13 31 21
68 17 19 20
68 24 28 26
68 26 18 25
68 29 23 31
68 35 9 12
68 40 29 22
68 50 26 15
68 54 30 20
68 55 21 28
68 62 22 17
68 72 15 9
68 74 27 14
68 78 24 13
68 97 8 18
68 116 11 12
68 119 16 20
68 127 12 22
68 131 13 10
68 133 14 10
68 143 25 29
69 0 16 27
69 17 28 24
69 31 24 28
69 33 17 10
69 35 20 15
69 37 19 10
69 40 22 15
69 54 10 12
69 59 26 28
69 79 27 29
69 85 9 13
69 87 18 21
69 88 13 20
69 90 21 14
69 91 8 13
69 95 23 28
69 96 15 20
69 102 11 14
69 111 14 9
69 121 25 17
69 124 12 11
69 128 29 27
69 140 30 20
69 142 31 26
70 14 26 13
70 16 17 24
70 21 25 29
70 23 11 15
70 24 10 15
70 57 27 16
70 78 8 14
70 79 20 18
70 82 16 24
70 86 19 11
70 88 30 23
70 105 9 17
70 106 15 24
70 109 29 25
70 110 22 15
70 111 18 26
70 112 24 28
70 122 12 10
70 123 23 28
70 128 31 26
70 129 13 11
70 131 14 8
70 134 28 27
70 139 21 30
71 18 21 29
71 20 24 18
71 23 23 16
71 27 18 10
71 32 10 13
71 38 8 12
71 45 19 11
71 49 25 19
71 58 27 16
71 61 29 20
71 62 22 31
71 65 26 29
71 73 31 22
71 77 15 27
71 82 30 22
71 89 12 8
71 93 16 24
71 97 17 11
71 111 9 12
71 113 13 26
71 114 11 19
71 122 28 23
71 123 20 31
71 135 14 27
72 16 12 9
72 19 22 16
72 26 26 13
72 31 15 20
72 32 21 31
72 36 31 27
72 41 20 31
72 43 30 20
72 53 13 9
72 54 16 8
72 61 11 13
72 68 9 15
72 77 27 19
72 81 17 27
72 83 28 27
72 84 14 23
72 93 24 31
72 94 19 9
72 97 18 22
72 101 10 16
72 109 25 28
72 110 29 27
72 111 23 18
72 131 8 12
73 0 21 12
73 2 25 30
73 15 24 30
73 19 16 10
73 33 9 13
73 45 28 21
73 46 20 13
73 48 15 8
73 58 17 25
73 67 27 17
73 71 22 31
73 76 13 24
73 89 12 27
73 95 23 31
73 99 8 16
73 104 14 9
73 107 26 15
73 128 10 16
73 131 18 22
73 132 19 9
73 136 11 19
73 141 29 27
73 142 30 23
73 143 31 24
74 0 29 21
74 4 16 27
74 5 25 16
74 14 30 22
74 28 31 24
74 34 11 18
74 35 8 19
74 43 26 13
74 47 22 14
74 58 15 23
74 61 28 25
74 68 14 27
74 81 24 30
74 82 12 9
74 91 9 15
74 92 23 29
74 99 10 18
74 100 27 19
74 120 17 8
74 127 18 11
74 130 20 29
74 131 13 21
74 137 21 30
74 141 19 8
75 2 13 23
75 9 31 22
75 17 9 13
75 18 20 30
75 25 14 25
75 28 17 9
75 32 27 28
75 34 29 25
75 35 30 23
75 42 28 24
75 52 21 30
75 64 8 18
75 81 19 26
75 90 10 18
75 98 12 25
75 103 23 31
75 108 11 15
75 111 26 13
75 113 16 11
75 115 22 19
75 123 25 17
75 124 24 17
75 138 18 9
75 140 15 9
76 5 21 29
76 6 31 22
76 10 17 25
76 11 19 24
76 16 29 25
76 17 26 14
76 22 23 30
76 27 22 31
76 33 14 11
76 45 13 10
76 47 10 12
76 50 28 27
76 51 8 18
76 54 27 28
76 61 18 9
76 73 24 13
76 78 30 22
76 88 12 27
76 94 25 16
76 95 11 15
76 99 20 19
76 106 16 9
76 110 15 26
76 121 9 19
77 3 14 21
77 6 11 12
77 32 22 15
77 33 16 26
77 42 23 28
77 43 29 24
77 44 15 26
77 49 8 13
77 50 17 10
77 51 12 11
77 60 24 18
77 71 27 15
77 72 19 27
77 78 13 9
77 79 20 17
77 83 18 10
77 85 21 29
77 100 26 29
77 108 28 20
77 109 10 17
77 114 9 16
77 116 25 30
77 119 30 27
77 122 31 22
78 3 10 14
78 4 30 24
78 10 21 14
78 24 27 13
78 30 24 28
78 56 23 30
78 57 29 21
78 58 15 8
78 64 20 17
78 68 13 24
78 70 14 8
78 76 22 30
78 77 9 13
78 79 16 20
78 82 26 15
78 85 28 25
78 87 12 10
78 90 19 9
78 91 18 27
78 94 8 13
78 96 17 22
78 120 31 27
78 125 25 30
78 140 11 19
79 4 22 19
79 9 30 20
79 23 14 22
79 34 26 16
79 44 25 31
79 45 12 24
79 47 11 19
79 52 28 25
79 60 31 25
79 61 10 14
79 69 29 27
79 70 18 20
79 77 17 20
79 78 20 16
79 82 9 14
79 85 27 12
79 98 13 10
79 105 23 30
79 108 8 18
79 115 21 30
79 116 24 29
79 117 19 8
79 118 16 10
79 128 15 8
80 6 14 21
80 15 19 24
80 30 20 18
80 34 26 28
80 35 28 25
80 38 24 31
80 46 22 18
80 51 25 16
80 55 11 18
80 63 27 17
80 81 21 28
80 92 16 26
80 99 23 29
80 102 9 18
80 106 18 8
80 111 12 11
80 112 17 10
80 114 30 23
80 128 15 9
80 137 8 13
80 138 10 18
80 139 31 21
80 140 29 22
80 143 13 21
81 7 29 23
81 16 25 30
81 21 12 20
81 40 8 13
81 46 19 20
81 52 9 15
81 63 24 28
81 65 13 10
81 66 11 14
81 72 27 17
81 74 30 24
81 75 26 19
81 80 28 21
81 83 23 30
81 87 10 18
81 88 21 29
81 90 15 11
81 95 20 17
81 104 14 8
81 107 18 20
81 109 31 24
81 115 22 18
81 121 17 10
81 123 16 22
82 0 18 10
82 1 10 17
82 5 30 24
82 8 19 20
82 13 21 15
82 23 26 29
82 25 25 12
82 26 31 26
82 42 20 16
82 44 27 30
82 50 13 25
82 62 16 23
82 70 24 16
82 71 22 30
82 74 9 12
82 78 15 26
82 79 14 9
82 87 12 9
82 101 11 14
82 107 17 8
82 125 23 28
82 130 8 13
82 131 29 23
82 135 28 20
83 3 31 24
83 6 18 11
83 20 12 20
83 29 19 9
83 33 15 8
83 34 11 17
83 50 25 19
83 51 23 15
83 62 16 21
83 65 17 21
83 72 27 28
83 77 10 18
83 81 30 23
83 86 29 23
83 88 8 17
83 89 14 22
83 101 13 9
83 107 28 27
83 123 9 19
83 126 22 28
83 127 21 29
83 132 26 28
83 133 20 13
83 141 24 16
84 0 30 23
84 5 10 14
84 8 27 12
84 13 20 30
84 14 14 8
84 19 12 9
84 21 21 12
84 23 25 17
84 36 19 24
84 42 16 9
84 56 13 21
84 66 11 18
84 72 23 14
84 92 24 30
84 99 18 25
84 100 17 21
84 103 28 25
84 109 8 19
84 115 29 23
84 121 26 29
84 124 15 10
84 125 22 31
84 128 31 21
84 134 9 18
85 7 18 26
85 9 24 29
85 17 22 31
85 18 27 16
85 20 20 15
85 21 10 17
85 25 23 31
85 29 21 12
85 31 30 24
85 37 31 22
85 42 15 8
85 46 19 23
85 47 16 8
85 52 17 10
85 61 14 22
85 69 13 9
85 77 29 21
85 78 25 28
85 79 12 27
85 87 26 17
85 102 11 13
85 114 28 25
85 124 8 19
85 140 9 17
86 2 20 29
86 4 31 21
86 8 30 27
86 13 29 25
86 16 16 26
86 17 12 23
86 25 15 20
86 28 27 30
86 40 9 18
86 42 28 23
86 44 26 29
86 54 19 11
86 55 22 15
86 59 8 16
86 64 17 9
86 70 11 19
86 83 23 29
86 95 13 10
86 106 24 12
86 111 14 20
86 115 21 17
86 124 10 14
86 128 18 10
86 130 25 16
87 11 11 12
87 18 8 18
87 24 20 30
87 34 15 9
87 38 13 10
87 41 31 20
87 49 23 31
87 51 22 31
87 55 25 29
87 59 24 15
87 69 21 18
87 78 10 12
87 81 18 10
87 82 9 12
87 85 17 26
87 89 26 15
87 91 14 11
87 92 19 25
87 98 27 18
87 100 29 27
87 107 12 21
87 113 16 25
87 137 28 21
87 140 30 24
88 4 24 28
88 7 28 22
88 8 25 30
88 10 15 11
88 15 12 22
88 16 22 13
88 18 18 11
88 22 14 9
88 30 26 30
88 31 8 16
88 32 10 17
88 62 21 18
88 69 20 13
88 70 23 30
88 76 27 12
88 81 29 21
88 83 17 8
88 102 13 25
88 106 9 16
88 109 30 23
88 121 19 26
88 131 31 24
88 138 11 17
88 142 16 22
89 1 25 30
89 15 24 18
89 20 14 27
89 30 17 24
89 37 29 21
89 51 9 13
89 55 21 16
89 59 20 29
89 61 11 18
89 71 8 12
89 73 27 12
89 83 22 14
89 87 15 26
89 97 10 12
89 100 26 28
89 103 28 26
89 108 23 30
89 111 19 8
89 112 18 11
89 114 30 21
89 127 16 20
89 129 31 25
89 138 12 11
89 140 13 10
90 0 27 28
90 11 19 9
90 13 20 12
90 17 16 8
90 19 10 13
90 20 28 21
90 21 21 30
90 22 15 10
90 25 31 22
90 44 17 24
90 53 26 16
90 67 30 20
90 69 14 21
90 75 18 10
90 78 9 19
90 81 11 15
90 103 24 30
90 108 29 25
90 116 25 15
90 117 22 17
90 120 13 24
90 135 8 14
90 139 23 29
90 142 12 21
91 3 19 26
91 5 22 18
91 14 9 15
91 16 12 11
91 30 29 23
91 38 10 15
91 40 24 14
91 47 30 24
91 58 14 10
91 60 8 14
91 62 16 26
91 63 20 15
91 64 23 30
91 69 13 8
91 74 15 9
91 78 27 18
91 87 11 14
91 107 31 26
91 119 17 23
91 120 28 26
91 122 26 28
91 126 18 23
91 139 25 31
91 140 21 31
92 1 10 16
92 9 27 17
92 31 28 26
92 36 18 23
92 44 17 10
92 54 23 13
92 56 31 26
92 58 9 18
92 63 20 29
92 74 29 23
92 80 26 16
92 84 30 24
92 87 25 19
92 96 14 8
92 99 12 11
92 102 11 19
92 107 16 9
92 113 8 19
92 118 13 25
92 120 22 29
92 121 15 21
92 123 24 30
92 140 19 26
92 143 21 28
93 11 30 27
93 15 19 10
93 21 29 25
93 32 9 12
93 45 23 28
93 48 14 11
93 49 28 24
93 55 11 13
93 57 8 12
93 65 13 26
93 67 12 23
93 71 24 16
93 72 31 24
93 95 21 30
93 103 26 17
93 104 17 23
93 108 22 17
93 110 20 16
93 116 18 8
93 120 27 30
93 122 16 20
93 137 25 31
93 139 15 10
93 140 10 16
94 4 18 10
94 5 11 17
94 7 15 25
94 19 10 14
94 29 31 20
94 31 12 8
94 38 14 23
94 45 22 16
94 46 25 28
94 51 23 28
94 55 27 12
94 58 21 13
94 65 24 15
94 67 17 24
94 72 9 19
94 76 16 25
94 78 13 8
94 102 30 23
94 109 20 31
94 110 26 30
94 111 28 25
94 117 19 9
94 129 8 15
94 132 29 23
95 3 12 8
95 10 14 26
95 14 29 26
95 15 16 20
95 19 25 17
95 30 18 27
95 39 27 30
95 43 13 11
95 48 8 16
95 53 9 18
95 61 20 28
95 64 24 28
95 65 19 9
95 69 28 23
95 73 31 23
95 76 15 11
95 81 17 20
95 86 10 13
95 93 30 21
95 98 23 16
95 105 11 12
95 106 21 30
95 112 22 18
95 137 26 17
96 0 15 8
96 7 13 9
96 9 24 28
96 12 14 8
96 22 12 8
96 27 23 30
96 38 25 17
96 39 17 24
96 45 27 30
96 47 16 23
96 58 11 19
96 66 10 16
96 67 21 15
96 69 20 15
96 78 22 17
96 92 8 14
96 100 30 22
96 105 9 15
96 112 28 24
96 113 29 24
96 119 31 22
96 125 18 24
96 130 19 23
96 136 26 30
97 2 27 14
97 4 14 8
97 9 17 25
97 11 21 30
97 16 26 31
97 22 28 21
97 28 29 23
97 31 20 12
97 32 24 30
97 37 19 26
97 39 25 28
97 49 10 14
97 56 13 11
97 59 23 14
97 61 30 24
97 64 31 23
97 68 18 8
97 71 11 17
97 72 22 18
97 89 12 10
97 112 8 13
97 123 16 26
97 140 15 27
97 143 9 16
98 2 14 11
98 7 9 12
98 9 17 8
98 25 12 9
98 28 20 31
98 31 19 25
98 32 27 29
98 39 11 14
98 42 13 11
98 47 8 15
98 58 22 31
98 75 25 12
98 79 10 13
98 87 18 27
98 95 16 23
98 100 23 13
98 101 31 25
98 108 21 13
98 116 15 22
98 119 24 13
98 120 28 20
98 127 30 23
98 136 29 20
98 140 26 30
99 27 8 16
99 28 12 20
99 35 17 10
99 40 9 17
99 47 26 29
99 48 22 30
99 52 14 26
99 58 21 29
99 60 15 8
99 73 16 8
99 74 18 10
99 76 19 20
99 80 29 23
99 84 25 18
99 92 11 12
99 109 24 29
99 114 27 12
99 117 20 16
99 122 10 13
99 123 30 27
99 125 31 20
99 129 23 17
99 140 13 25
99 141 28 26
100 1 26 28
100 4 25 13
100 12 30 21
100 14 8 14
100 19 23 31
100 27 31 27
100 32 10 14
100 34 24 15
100 37 18 20
100 43 17 25
100 44 16 9
100 63 12 8
100 74 19 27
100 77 29 26
100 84 21 17
100 87 27 29
100 89 28 26
100 96 22 30
100 98 13 23
100 107 20 17
100 115 15 24
100 137 9 12
100 140 11 15
100 143 14 10
101 3 27 30
101 8 8 16
101 13 15 22
101 17 23 15
101 20 11 12
101 29 17 27
101 32 19 10
101 33 24 12
101 36 31 22
101 49 22 30
101 54 28 21
101 60 10 15
101 67 13 27
101 72 16 10
101 82 14 11
101 83 9 13
101 98 25 31
101 103 12 22
101 113 21 31
101 117 30 22
101 127 29 21
101 131 26 17
101 133 20 18
101 137 18 11
102 8 12 25
102 16 20 29
102 29 16 24
102 36 21 12
102 41 22 17
102 51 8 17
102 60 27 16
102 63 10 14
102 66 15 20
102 67 26 31
102 69 14 11
102 80 18 9
102 85 13 11
102 88 25 13
102 92 19 11
102 94 23 30
102 108 28 26
102 120 9 15
102 124 30 24
102 125 17 27
102 129 11 16
102 134 24 31
102 139 29 25
102 143 31 26
103 4 11 15
103 12 16 27
103 24 15 8
103 30 12 10
103 33 18 25
103 37 23 28
103 39 19 9
103 43 13 8
103 46 29 24
103 47 28 20
103 50 9 16
103 75 31 23
103 84 25 28
103 89 26 28
103 90 30 24
103 93 17 26
103 101 22 12
103 106 8 19
103 114 21 14
103 116 10 19
103 123 27 15
103 135 20 31
103 137 14 22
103 140 24 12
104 4 28 20
104 5 12 10
104 10 10 19
104 12 19 22
104 25 25 29
104 27 29 22
104 39 20 19
104 41 17 8
104 47 26 18
104 49 27 18
104 52 13 9
104 56 15 22
104 59 30 23
104 66 31 21
104 67 11 16
104 73 9 14
104 81 8 14
104 93 23 17
104 107 22 29
104 121 21 31
104 123 18 25
104 136 24 28
104 137 14 23
104 138 16 10
105 5 11 13
105 19 23 15
105 21 29 26
105 28 31 25
105 29 26 14
105 35 28 20
105 38 21 18
105 41 14 9
105 44 25 12
105 60 13 22
105 65 19 27
105 70 17 9
105 79 30 23
105 95 12 11
105 96 15 9
105 107 22 30
105 109 16 20
105 110 9 12
105 112 8 16
105 131 24 29
105 134 18 20
105 136 10 17
105 140 20 29
105 142 27 31
106 1 29 27
106 3 31 22
106 5 22 31
106 18 13 22
106 21 18 21
106 33 23 28
106 36 26 28
106 38 21 19
106 48 14 10
106 51 17 21
106 59 11 18
106 65 10 17
106 66 25 19
106 70 24 15
106 76 9 16
106 80 8 18
106 86 12 24
106 88 16 9
106 95 30 21
106 103 19 8
106 107 20 18
106 123 15 9
106 126 27 29
106 130 28 24
107 0 12 24
107 14 31 24
107 15 10 14
107 17 22 18
107 24 25 28
107 26 23 17
107 46 24 29
107 59 28 24
107 60 16 9
107 73 15 26
107 81 20 18
107 82 8 17
107 83 27 28
107 87 21 12
107 91 26 31
107 92 9 16
107 100 17 20
107 104 29 22
107 105 30 22
107 106 18 20
107 112 11 17
107 113 19 10
107 117 14 11
107 134 13 10
108 0 21 19
108 5 9 19
108 8 12 24
108 9 23 15
108 18 24 13
108 25 19 11
108 26 28 22
108 29 31 21
108 30 27 19
108 36 8 17
108 38 29 22
108 42 14 21
108 49 10 16
108 63 11 19
108 75 15 11
108 77 20 28
108 79 18 8
108 89 30 23
108 90 25 29
108 93 17 22
108 98 13 21
108 102 26 28
108 110 16 8
108 130 22 28
109 13 21 17
109 17 16 25
109 21 14 9
109 25 15 8
109 26 11 19
109 43 10 15
109 47 18 27
109 53 8 14
109 66 30 26
109 70 25 29
109 72 28 25
109 77 17 10
109 81 24 31
109 84 19 8
109 88 23 30
109 94 31 20
109 99 29 24
109 105 20 16
109 111 9 19
109 129 26 19
109 131 27 18
109 135 22 28
109 140 13 21
109 142 12 24
110 8 25 31
110 10 23 30
110 17 14 22
110 21 20 16
110 23 10 12
110 29 11 13
110 45 24 17
110 59 28 27
110 64 21 19
110 67 9 19
110 70 15 22
110 72 27 29
110 76 26 15
110 93 16 20
110 94 30 26
110 105 12 9
110 108 8 16
110 121 17 25
110 125 22 29
110 129 18 10
110 130 31 21
110 131 29 25
110 141 13 10
110 142 19 8
111 1 30 20
111 6 31 23
111 17 29 27
111 25 21 28
111 28 14 26
111 35 16 8
111 36 28 20
111 37 10 19
111 43 27 14
111 46 15 26
111 69 9 14
111 70 26 18
111 71 12 9
111 72 18 23
111 75 13 26
111 80 11 12
111 86 20 14
111 89 8 19
111 94 25 28
111 109 19 9
111 112 22 12
111 114 23 31
111 115 17 10
111 130 24 30
112 5 15 23
112 37 8 18
112 43 29 26
112 47 27 30
112 57 19 11
112 60 23 31
112 64 14 27
112 67 22 28
112 70 28 24
112 80 10 17
112 89 11 18
112 95 18 22
112 96 24 28
112 97 13 8
112 105 16 8
112 107 17 11
112 111 12 22
112 126 31 27
112 128 25 12
112 131 20 15
112 133 30 20
112 134 21 15
112 135 26 15
112 142 9 17
113 0 22 30
113 1 20 29
113 8 17 21
113 12 23 18
113 16 8 12
113 26 18 27
113 29 30 26
113 38 9 14
113 51 27 14
113 53 28 25
113 63 29 24
113 67 16 26
113 71 26 13
113 75 11 16
113 87 25 16
113 92 19 8
113 96 24 29
113 101 31 21
113 107 10 19
113 116 12 9
113 122 13 24
113 131 21 28
113 133 15 8
113 137 14 8
114 18 8 14
114 21 22 15
114 28 27 17
114 29 11 18
114 32 13 11
114 37 20 29
114 38 9 16
114 43 26 16
114 49 30 23
114 58 10 12
114 60 17 23
114 67 24 18
114 71 19 11
114 77 16 9
114 80 23 30
114 85 25 28
114 89 21 30
114 99 12 27
114 103 14 21
114 111 31 23
114 116 18 11
114 119 29 24
114 124 28 22
114 134 15 25
115 5 27 12
115 13 16 8
115 15 22 28
115 18 8 15
115 20 13 10
115 27 14 8
115 30 15 8
115 41 11 13
115 42 9 19
115 44 29 23
115 62 31 27
115 63 28 26
115 75 19 22
115 79 30 21
115 81 18 22
115 84 23 29
115 86 17 21
115 100 24 15
115 111 10 17
115 118 21 16
115 126 26 19
115 129 20 28
115 141 12 23
115 142 25 28
116 0 23 17
116 6 24 28
116 12 31 23
116 13 26 31
116 28 14 22
116 34 18 21
116 36 21 31
116 46 28 22
116 62 17 25
116 68 12 11
116 77 30 25
116 79 29 24
116 90 15 25
116 93 8 18
116 98 22 15
116 103 19 10
116 113 9 12
116 114 11 18
116 119 13 8
116 120 27 31
116 124 20 16
116 129 16 9
116 135 10 12
116 136 25 16
117 4 25 29
117 5 14 8
117 6 19 27
117 13 29 24
117 19 30 22
117 32 21 18
117 36 27 29
117 44 18 11
117 48 31 27
117 51 23 30
117 52 10 19
117 56 13 9
117 58 28 26
117 67 12 8
117 79 8 19
117 90 17 22
117 94 9 19
117 99 16 20
117 101 22 30
117 107 11 14
117 123 26 14
117 136 24 13
117 138 20 14
117 141 15 20
118 0 15 9
118 2 18 8
118 4 14 25
118 8 12 9
118 9 30 27
118 13 13 10
118 14 23 16
118 26 31 23
118 31 28 23
118 33 27 30
118 34 17 26
118 48 8 15
118 49 22 17
118 50 29 22
118 53 11 13
118 54 21 18
118 55 20 30
118 79 10 16
118 92 25 13
118 115 16 21
118 123 9 13
118 127 24 31
118 129 19 21
118 137 26 29
119 3 25 17
119 5 28 27
119 11 15 21
119 12 14 24
119 24 29 23
119 31 11 18
119 39 31 27
119 40 16 8
119 42 21 18
119 48 17 9
119 50 18 11
119 51 10 12
119 52 30 27
119 66 12 8
119 68 20 16
119 77 27 30
119 91 23 17
119 96 22 31
119 98 13 24
119 114 24 29
119 116 8 13
119 136 9 15
119 138 26 28
119 139 19 22
120 5 13 11
120 10 25 18
120 14 9 18
120 17 10 16
120 31 14 10
120 39 17 25
120 42 16 26
120 44 19 25
120 46 28 27
120 57 22 14
120 62 12 9
120 63 21 16
120 65 11 16
120 74 8 17
120 78 27 31
120 90 24 13
120 91 26 28
120 92 29 22
120 93 30 27
120 98 20 28
120 102 15 9
120 116 31 27
120 124 23 28
120 138 18 22
121 3 24 28
121 8 14 11
121 15 23 31
121 17 11 19
121 18 12 8
121 27 20 19
121 34 28 20
121 35 8 16
121 38 16 26
121 40 30 24
121 43 9 17
121 50 18 26
121 60 22 30
121 69 17 25
121 76 19 9
121 81 10 17
121 84 29 26
121 88 26 19
121 92 21 15
121 104 31 21
121 110 25 17
121 126 15 8
121 127 27 28
121 133 13 22
122 0 30 26
122 2 8 19
122 4 27 30
122 5 14 26
122 10 17 20
122 11 9 15
122 19 12 11
122 20 11 17
122 22 25 16
122 24 19 20
122 48 31 26
122 54 18 10
122 64 29 25
122 70 10 12
122 71 23 28
122 77 22 31
122 91 28 26
122 93 20 16
122 99 13 10
122 113 24 13
122 130 16 8
122 133 15 27
122 138 21 29
122 141 26 12
123 15 20 29
123 22 8 17
123 50 11 14
123 57 18 10
123 58 10 17
123 62 29 22
123 66 12 27
123 67 21 29
123 70 28 23
123 71 31 20
123 75 17 25
123 81 22 16
123 83 19 9
123 92 30 24
123 97 26 16
123 99 27 30
123 103 15 27
123 104 25 18
123 106 9 15
123 117 14 26
123 118 13 9
123 125 16 8
123 131 23 13
123 138 24 30
124 9 13 26
124 20 9 13
124 24 15 10
124 27 26 13
124 32 18 8
124 33 31 20
124 41 27 30
124 50 25 12
124 53 20 17
124 56 8 14
124 67 23 30
124 69 11 12
124 75 17 24
124 84 10 15
124 85 19 8
124 86 14 10
124 102 24 30
124 114 22 28
124 116 16 20
124 120 28 23
124 130 12 25
124 132 21 15
124 134 29 22
124 142 30 27
125 3 22 31
125 5 13 20
125 7 26 17
125 9 17 9
125 11 21 18
125 21 23 28
125 23 10 18
125 28 9 19
125 29 11 16
125 42 14 27
125 78 30 25
125 82 28 23
125 84 31 22
125 96 24 18
125 99 20 31
125 102 27 17
125 110 29 22
125 123 8 16
125 128 12 25
125 133 15 9
125 134 19 8
125 135 25 29
125 137 16 9
125 143 18 8
126 3 22 15
126 4 16 11
126 6 20 18
126 7 24 31
126 16 13 10
126 19 12 20
126 25 31 23
126 32 21 19
126 34 18 22
126 37 25 31
126 47 15 9
126 48 10 13
126 56 11 16
126 60 26 29
126 63 14 9
126 65 30 23
126 83 28 22
126 91 23 18
126 106 29 27
126 112 27 31
126 115 19 26
126 121 8 15
126 132 17 20
126 139 9 12
127 4 10 17
127 7 24 16
127 13 12 26
127 14 18 21
127 19 17 26
127 23 25 13
127 27 9 18
127 37 15 9
127 40 16 10
127 45 30 20
127 52 14 8
127 61 26 31
127 62 19 11
127 63 13 21
127 68 22 12
127 74 11 18
127 83 29 21
127 89 20 16
127 98 23 30
127 101 21 29
127 118 31 24
127 121 28 27
127 135 27 30
127 142 8 18
128 7 24 30
128 9 17 23
128 14 18 11
128 19 28 24
128 20 15 24
128 26 13 9
128 30 31 20
128 47 19 10
128 49 30 20
128 52 11 17
128 53 29 26
128 62 22 15
128 69 27 29
128 70 26 31
128 73 16 10
128 79 8 15
128 80 9 15
128 84 21 31
128 86 10 18
128 112 12 25
128 125 25 12
128 130 14 26
128 134 20 14
128 138 23 19
129 0 20 29
129 8 29 22
129 24 12 25
129 29 22 29
129 64 24 31
129 66 14 25
129 70 11 13
129 89 25 31
129 94 15 8
129 99 17 23
129 102 16 11
129 109 19 26
129 110 10 18
129 115 28 20
129 116 9 16
129 118 21 19
129 132 31 24
129 135 26 19
129 136 30 22
129 137 27 16
129 140 13 11
129 141 8 19
129 142 18 10
129 143 23 15
130 1 31 24
130 2 11 16
130 6 19 25
130 14 17 23
130 22 15 11
130 26 20 28
130 37 10 17
130 40 18 9
130 42 27 30
130 44 22 18
130 50 14 21
130 54 12 9
130 74 29 20
130 82 13 8
130 86 16 25
130 96 23 19
130 106 24 28
130 108 28 22
130 110 21 31
130 111 30 24
130 122 8 16
130 124 25 12
130 128 26 14
130 139 9 15
131 14 27 12
131 20 20 29
131 22 11 13
131 26 16 11
131 38 31 25
131 43 14 9
131 51 26 19
131 59 19 8
131 67 9 14
131 68 10 13
131 70 8 14
131 72 12 8
131 73 22 18
131 74 21 13
131 82 23 29
131 88 24 31
131 101 17 26
131 105 29 24
131 109 18 27
131 110 25 29
131 112 15 20
131 113 28 21
131 123 13 23
131 133 30 26
132 0 8 13
132 2 10 15
132 5 18 9
132 8 13 8
132 11 12 8
132 18 17 10
132 22 30 20
132 23 27 31
132 24 16 27
132 26 14 21
132 35 26 17
132 40 19 23
132 43 22 18
132 46 11 14
132 49 21 29
132 51 29 20
132 52 31 21
132 73 9 19
132 83 28 26
132 94 23 29
132 124 15 21
132 126 20 17
132 129 24 31
132 135 25 16
133 0 11 18
133 4 16 22
133 9 31 24
133 18 28 26
133 22 29 25
133 23 30 21
133 35 14 9
133 37 25 30
133 46 12 9
133 53 15 8
133 61 19 10
133 63 17 23
133 68 10 14
133 83 13 20
133 101 18 20
133 112 20 30
133 113 8 15
133 121 22 13
133 122 27 15
133 125 9 15
133 131 26 30
133 137 23 15
133 140 24 14
133 142 21 30
134 3 16 10
134 6 21 29
134 7 26 28
134 12 29 26
134 14 12 27
134 16 11 17
134 17 13 9
134 23 28 25
134 35 24 13
134 36 9 16
134 41 23 15
134 55 30 26
134 59 17 9
134 63 19 27
134 70 27 28
134 84 18 9
134 102 31 24
134 105 20 18
134 107 10 13
134 112 15 21
134 114 25 15
134 124 22 29
134 125 8 19
134 128 14 20
135 2 10 18
135 13 18 9
135 16 25 16
135 24 24 12
135 26 26 30
135 43 23 29
135 45 21 13
135 46 8 15
135 49 11 15
135 53 13 23
135 71 27 14
135 82 20 28
135 90 14 8
135 103 31 20
135 109 28 22
135 112 15 26
135 116 12 10
135 125 29 25
135 127 30 27
135 129 19 26
135 132 16 25
135 136 22 29
135 141 9 14
135 143 17 11
136 0 10 14
136 2 23 28
136 4 12 23
136 15 25 13
136 30 31 26
136 34 27 12
136 37 11 15
136 38 24 30
136 52 21 14
136 63 14 22
136 65 26 18
136 67 8 13
136 73 19 11
136 96 30 26
136 98 20 29
136 104 28 24
136 105 17 10
136 116 16 25
136 117 13 24
136 119 15 9
136 129 22 30
136 135 29 22
136 141 9 18
136 142 18 9
137 3 24 29
137 12 20 17
137 20 25 31
137 29 18 11
137 31 28 21
137 41 10 18
137 43 19 23
137 46 14 11
137 61 26 30
137 64 27 14
137 74 30 21
137 80 13 8
137 87 21 28
137 93 31 25
137 95 17 26
137 100 12 9
137 101 11 18
137 103 22 14
137 104 23 14
137 113 8 14
137 118 29 26
137 125 9 16
137 129 16 27
137 133 15 23
138 4 24 16
138 11 20 31
138 19 12 23
138 23 23 28
138 26 21 31
138 38 25 29
138 40 16 20
138 41 8 19
138 54 27 14
138 56 15 8
138 57 31 24
138 59 26 19
138 63 13 10
138 75 9 18
138 80 18 10
138 88 17 11
138 89 11 12
138 104 10 16
138 117 14 20
138 119 28 26
138 120 22 18
138 122 29 21
138 123 30 24
138 128 19 23
139 3 17 25
139 10 27 13
139 11 20 28
139 20 23 28
139 22 11 15
139 24 16 22
139 26 18 20
139 31 26 17
139 33 28 24
139 46 8 16
139 53 19 21
139 55 13 8
139 63 9 13
139 65 24 14
139 70 30 21
139 80 21 31
139 90 29 23
139 91 31 25
139 93 10 15
139 102 25 29
139 119 22 19
139 126 12 9
139 130 15 9
139 141 14 9
140 2 13 22
140 19 18 27
140 22 8 12
140 43 23 31
140 64 28 20
140 69 20 30
140 75 9 15
140 78 19 11
140 80 22 29
140 85 17 9
140 87 24 30
140 89 10 13
140 91 31 21
140 92 26 19
140 93 16 10
140 97 27 15
140 98 30 26
140 99 25 13
140 100 15 11
140 103 12 24
140 105 29 20
140 109 21 13
140 129 11 13
140 133 14 24
141 8 29 26
141 11 24 29
141 16 11 19
141 20 13 11
141 24 22 19
141 27 30 26
141 34 31 23
141 37 21 16
141 48 28 25
141 49 25 28
141 60 15 24
141 61 17 23
141 73 27 29
141 74 8 19
141 83 16 24
141 99 26 28
141 110 10 13
141 115 23 12
141 117 20 15
141 122 12 26
141 129 19 8
141 135 14 9
141 136 18 9
141 139 9 14
142 2 15 27
142 4 11 12
142 5 29 25
142 20 25 30
142 26 13 8
142 33 20 14
142 36 14 11
142 42 16 20
142 56 12 20
142 61 19 26
142 69 26 31
142 73 23 30
142 88 22 16
142 90 21 12
142 105 31 27
142 109 24 12
142 110 8 19
142 112 17 9
142 115 28 25
142 124 27 30
142 127 18 8
142 129 10 18
142 133 30 21
142 136 9 18
143 0 9 15
143 2 18 26
143 14 20 31
143 17 13 10
143 40 27 16
143 43 19 22
143 46 31 21
143 52 17 11
143 53 14 27
143 56 22 12
143 57 30 20
143 59 23 13
143 60 25 28
143 64 12 10
143 68 29 25
143 73 24 31
143 80 21 13
143 92 28 21
143 97 16 9
143 100 10 14
143 102 26 31
143 125 8 18
143 129 15 23
143 135 11 17
